study_accession	sample_accession	experiment_accession	run_accession	tax_id	scientific_name	instrument_platform	instrument_model	fastq_ftp	sample_alias
PRJEB39569	SAMEA7280145	ERX4489773	ERR4553403	1773	Mycobacterium tuberculosis	ILLUMINA	Illumina HiSeq 2500	ftp.sra.ebi.ac.uk/vol1/fastq/ERR455/003/ERR4553403/ERR4553403_1.fastq.gz;ftp.sra.ebi.ac.uk/vol1/fastq/ERR455/003/ERR4553403/ERR4553403_2.fastq.gz	ITM1999-01030
PRJEB39569	SAMEA7280146	ERX4489774	ERR4553404	1773	Mycobacterium tuberculosis	ILLUMINA	Illumina HiSeq 2500	ftp.sra.ebi.ac.uk/vol1/fastq/ERR455/004/ERR4553404/ERR4553404_1.fastq.gz;ftp.sra.ebi.ac.uk/vol1/fastq/ERR455/004/ERR4553404/ERR4553404_2.fastq.gz	ITM1999-01648
PRJEB39569	SAMEA7280147	ERX4489775	ERR4553405	1773	Mycobacterium tuberculosis	ILLUMINA	Illumina HiSeq 2500	ftp.sra.ebi.ac.uk/vol1/fastq/ERR455/005/ERR4553405/ERR4553405_1.fastq.gz;ftp.sra.ebi.ac.uk/vol1/fastq/ERR455/005/ERR4553405/ERR4553405_2.fastq.gz	ITM2000-01077
PRJEB39569	SAMEA7280148	ERX4489776	ERR4553406	1773	Mycobacterium tuberculosis	ILLUMINA	Illumina HiSeq 2500	ftp.sra.ebi.ac.uk/vol1/fastq/ERR455/006/ERR4553406/ERR4553406_1.fastq.gz;ftp.sra.ebi.ac.uk/vol1/fastq/ERR455/006/ERR4553406/ERR4553406_2.fastq.gz	ITM2002-01780
PRJEB39569	SAMEA7280149	ERX4489777	ERR4553407	1773	Mycobacterium tuberculosis	ILLUMINA	Illumina HiSeq 2500	ftp.sra.ebi.ac.uk/vol1/fastq/ERR455/007/ERR4553407/ERR4553407_1.fastq.gz;ftp.sra.ebi.ac.uk/vol1/fastq/ERR455/007/ERR4553407/ERR4553407_2.fastq.gz	ITM2002-02934
PRJEB39569	SAMEA7280150	ERX4489778	ERR4553408	1773	Mycobacterium tuberculosis	ILLUMINA	Illumina HiSeq 2500	ftp.sra.ebi.ac.uk/vol1/fastq/ERR455/008/ERR4553408/ERR4553408_1.fastq.gz;ftp.sra.ebi.ac.uk/vol1/fastq/ERR455/008/ERR4553408/ERR4553408_2.fastq.gz	ITM2003-00735
PRJEB39569	SAMEA7280151	ERX4489779	ERR4553409	1773	Mycobacterium tuberculosis	ILLUMINA	Illumina HiSeq 2500	ftp.sra.ebi.ac.uk/vol1/fastq/ERR455/009/ERR4553409/ERR4553409_1.fastq.gz;ftp.sra.ebi.ac.uk/vol1/fastq/ERR455/009/ERR4553409/ERR4553409_2.fastq.gz	ITM2003-00752
PRJEB39569	SAMEA7280152	ERX4489780	ERR4553410	1773	Mycobacterium tuberculosis	ILLUMINA	Illumina HiSeq 2500	ftp.sra.ebi.ac.uk/vol1/fastq/ERR455/000/ERR4553410/ERR4553410_1.fastq.gz;ftp.sra.ebi.ac.uk/vol1/fastq/ERR455/000/ERR4553410/ERR4553410_2.fastq.gz	ITM2003-01350
PRJEB39569	SAMEA7280153	ERX4489781	ERR4553411	1773	Mycobacterium tuberculosis	ILLUMINA	Illumina HiSeq 2500	ftp.sra.ebi.ac.uk/vol1/fastq/ERR455/001/ERR4553411/ERR4553411_1.fastq.gz;ftp.sra.ebi.ac.uk/vol1/fastq/ERR455/001/ERR4553411/ERR4553411_2.fastq.gz	ITM2004-01751
PRJEB39569	SAMEA7280154	ERX4489782	ERR4553412	1773	Mycobacterium tuberculosis	ILLUMINA	Illumina HiSeq 2500	ftp.sra.ebi.ac.uk/vol1/fastq/ERR455/002/ERR4553412/ERR4553412_1.fastq.gz;ftp.sra.ebi.ac.uk/vol1/fastq/ERR455/002/ERR4553412/ERR4553412_2.fastq.gz	ITM2004-01833
PRJEB39569	SAMEA7280155	ERX4489783	ERR4553413	1773	Mycobacterium tuberculosis	ILLUMINA	Illumina HiSeq 2500	ftp.sra.ebi.ac.uk/vol1/fastq/ERR455/003/ERR4553413/ERR4553413_1.fastq.gz;ftp.sra.ebi.ac.uk/vol1/fastq/ERR455/003/ERR4553413/ERR4553413_2.fastq.gz	ITM2004-02329
PRJEB39569	SAMEA7280156	ERX4489784	ERR4553414	1773	Mycobacterium tuberculosis	ILLUMINA	Illumina HiSeq 2500	ftp.sra.ebi.ac.uk/vol1/fastq/ERR455/004/ERR4553414/ERR4553414_1.fastq.gz;ftp.sra.ebi.ac.uk/vol1/fastq/ERR455/004/ERR4553414/ERR4553414_2.fastq.gz	ITM2004-02855
PRJEB39569	SAMEA7280157	ERX4489785	ERR4553415	1773	Mycobacterium tuberculosis	ILLUMINA	Illumina HiSeq 2500	ftp.sra.ebi.ac.uk/vol1/fastq/ERR455/005/ERR4553415/ERR4553415_1.fastq.gz;ftp.sra.ebi.ac.uk/vol1/fastq/ERR455/005/ERR4553415/ERR4553415_2.fastq.gz	ITM2004-02862
PRJEB39569	SAMEA7280158	ERX4489786	ERR4553416	1773	Mycobacterium tuberculosis	ILLUMINA	Illumina HiSeq 2500	ftp.sra.ebi.ac.uk/vol1/fastq/ERR455/006/ERR4553416/ERR4553416_1.fastq.gz;ftp.sra.ebi.ac.uk/vol1/fastq/ERR455/006/ERR4553416/ERR4553416_2.fastq.gz	ITM2005-00028
PRJEB39569	SAMEA7280159	ERX4489787	ERR4553417	1773	Mycobacterium tuberculosis	ILLUMINA	Illumina HiSeq 2500	ftp.sra.ebi.ac.uk/vol1/fastq/ERR455/007/ERR4553417/ERR4553417_1.fastq.gz;ftp.sra.ebi.ac.uk/vol1/fastq/ERR455/007/ERR4553417/ERR4553417_2.fastq.gz	ITM2005-00049
PRJEB39569	SAMEA7280160	ERX4489788	ERR4553418	1773	Mycobacterium tuberculosis	ILLUMINA	Illumina HiSeq 2500	ftp.sra.ebi.ac.uk/vol1/fastq/ERR455/008/ERR4553418/ERR4553418_1.fastq.gz;ftp.sra.ebi.ac.uk/vol1/fastq/ERR455/008/ERR4553418/ERR4553418_2.fastq.gz	ITM2005-00056
PRJEB39569	SAMEA7280161	ERX4489789	ERR4553419	1773	Mycobacterium tuberculosis	ILLUMINA	Illumina HiSeq 2500	ftp.sra.ebi.ac.uk/vol1/fastq/ERR455/009/ERR4553419/ERR4553419_1.fastq.gz;ftp.sra.ebi.ac.uk/vol1/fastq/ERR455/009/ERR4553419/ERR4553419_2.fastq.gz	ITM2005-00400
PRJEB39569	SAMEA7280162	ERX4489790	ERR4553420	1773	Mycobacterium tuberculosis	ILLUMINA	Illumina HiSeq 2500	ftp.sra.ebi.ac.uk/vol1/fastq/ERR455/000/ERR4553420/ERR4553420_1.fastq.gz;ftp.sra.ebi.ac.uk/vol1/fastq/ERR455/000/ERR4553420/ERR4553420_2.fastq.gz	ITM2005-00649
PRJEB39569	SAMEA7280163	ERX4489791	ERR4553421	1773	Mycobacterium tuberculosis	ILLUMINA	Illumina HiSeq 2500	ftp.sra.ebi.ac.uk/vol1/fastq/ERR455/001/ERR4553421/ERR4553421_1.fastq.gz;ftp.sra.ebi.ac.uk/vol1/fastq/ERR455/001/ERR4553421/ERR4553421_2.fastq.gz	ITM2005-00677
PRJEB39569	SAMEA7280164	ERX4489792	ERR4553422	1773	Mycobacterium tuberculosis	ILLUMINA	Illumina HiSeq 2500	ftp.sra.ebi.ac.uk/vol1/fastq/ERR455/002/ERR4553422/ERR4553422_1.fastq.gz;ftp.sra.ebi.ac.uk/vol1/fastq/ERR455/002/ERR4553422/ERR4553422_2.fastq.gz	ITM2005-00822
PRJEB39569	SAMEA7280165	ERX4489793	ERR4553423	1773	Mycobacterium tuberculosis	ILLUMINA	Illumina HiSeq 2500	ftp.sra.ebi.ac.uk/vol1/fastq/ERR455/003/ERR4553423/ERR4553423_1.fastq.gz;ftp.sra.ebi.ac.uk/vol1/fastq/ERR455/003/ERR4553423/ERR4553423_2.fastq.gz	ITM2005-00840
PRJEB39569	SAMEA7280166	ERX4489794	ERR4553424	1773	Mycobacterium tuberculosis	ILLUMINA	Illumina HiSeq 2500	ftp.sra.ebi.ac.uk/vol1/fastq/ERR455/004/ERR4553424/ERR4553424_1.fastq.gz;ftp.sra.ebi.ac.uk/vol1/fastq/ERR455/004/ERR4553424/ERR4553424_2.fastq.gz	ITM2005-01434
PRJEB39569	SAMEA7280167	ERX4489795	ERR4553425	1773	Mycobacterium tuberculosis	ILLUMINA	Illumina HiSeq 2500	ftp.sra.ebi.ac.uk/vol1/fastq/ERR455/005/ERR4553425/ERR4553425_1.fastq.gz;ftp.sra.ebi.ac.uk/vol1/fastq/ERR455/005/ERR4553425/ERR4553425_2.fastq.gz	ITM2005-01535
PRJEB39569	SAMEA7280168	ERX4489796	ERR4553426	1773	Mycobacterium tuberculosis	ILLUMINA	Illumina HiSeq 2500	ftp.sra.ebi.ac.uk/vol1/fastq/ERR455/006/ERR4553426/ERR4553426_1.fastq.gz;ftp.sra.ebi.ac.uk/vol1/fastq/ERR455/006/ERR4553426/ERR4553426_2.fastq.gz	ITM2005-01550
PRJEB39569	SAMEA7280169	ERX4489797	ERR4553427	1773	Mycobacterium tuberculosis	ILLUMINA	Illumina HiSeq 2500	ftp.sra.ebi.ac.uk/vol1/fastq/ERR455/007/ERR4553427/ERR4553427_1.fastq.gz;ftp.sra.ebi.ac.uk/vol1/fastq/ERR455/007/ERR4553427/ERR4553427_2.fastq.gz	ITM2005-01552
PRJEB39569	SAMEA7280170	ERX4489798	ERR4553428	1773	Mycobacterium tuberculosis	ILLUMINA	Illumina HiSeq 2500	ftp.sra.ebi.ac.uk/vol1/fastq/ERR455/008/ERR4553428/ERR4553428_1.fastq.gz;ftp.sra.ebi.ac.uk/vol1/fastq/ERR455/008/ERR4553428/ERR4553428_2.fastq.gz	ITM2005-01562
PRJEB39569	SAMEA7280171	ERX4489799	ERR4553429	1773	Mycobacterium tuberculosis	ILLUMINA	Illumina HiSeq 2500	ftp.sra.ebi.ac.uk/vol1/fastq/ERR455/009/ERR4553429/ERR4553429_1.fastq.gz;ftp.sra.ebi.ac.uk/vol1/fastq/ERR455/009/ERR4553429/ERR4553429_2.fastq.gz	ITM2005-01580
PRJEB39569	SAMEA7280172	ERX4489800	ERR4553430	1773	Mycobacterium tuberculosis	ILLUMINA	Illumina HiSeq 2500	ftp.sra.ebi.ac.uk/vol1/fastq/ERR455/000/ERR4553430/ERR4553430_1.fastq.gz;ftp.sra.ebi.ac.uk/vol1/fastq/ERR455/000/ERR4553430/ERR4553430_2.fastq.gz	ITM2005-01588
PRJEB39569	SAMEA7280173	ERX4489801	ERR4553431	1773	Mycobacterium tuberculosis	ILLUMINA	Illumina HiSeq 2500	ftp.sra.ebi.ac.uk/vol1/fastq/ERR455/001/ERR4553431/ERR4553431_1.fastq.gz;ftp.sra.ebi.ac.uk/vol1/fastq/ERR455/001/ERR4553431/ERR4553431_2.fastq.gz	ITM2005-01831
PRJEB39569	SAMEA7280174	ERX4489802	ERR4553432	1773	Mycobacterium tuberculosis	ILLUMINA	Illumina HiSeq 2500	ftp.sra.ebi.ac.uk/vol1/fastq/ERR455/002/ERR4553432/ERR4553432_1.fastq.gz;ftp.sra.ebi.ac.uk/vol1/fastq/ERR455/002/ERR4553432/ERR4553432_2.fastq.gz	ITM2005-01840
PRJEB39569	SAMEA7280175	ERX4489803	ERR4553433	1773	Mycobacterium tuberculosis	ILLUMINA	Illumina HiSeq 2500	ftp.sra.ebi.ac.uk/vol1/fastq/ERR455/003/ERR4553433/ERR4553433_1.fastq.gz;ftp.sra.ebi.ac.uk/vol1/fastq/ERR455/003/ERR4553433/ERR4553433_2.fastq.gz	ITM2005-01866
PRJEB39569	SAMEA7280176	ERX4489804	ERR4553434	1773	Mycobacterium tuberculosis	ILLUMINA	Illumina HiSeq 2500	ftp.sra.ebi.ac.uk/vol1/fastq/ERR455/004/ERR4553434/ERR4553434_1.fastq.gz;ftp.sra.ebi.ac.uk/vol1/fastq/ERR455/004/ERR4553434/ERR4553434_2.fastq.gz	ITM2005-01873
PRJEB39569	SAMEA7280177	ERX4489805	ERR4553435	1773	Mycobacterium tuberculosis	ILLUMINA	Illumina HiSeq 2500	ftp.sra.ebi.ac.uk/vol1/fastq/ERR455/005/ERR4553435/ERR4553435_1.fastq.gz;ftp.sra.ebi.ac.uk/vol1/fastq/ERR455/005/ERR4553435/ERR4553435_2.fastq.gz	ITM2005-01898
PRJEB39569	SAMEA7280178	ERX4489806	ERR4553436	1773	Mycobacterium tuberculosis	ILLUMINA	Illumina HiSeq 2500	ftp.sra.ebi.ac.uk/vol1/fastq/ERR455/006/ERR4553436/ERR4553436_1.fastq.gz;ftp.sra.ebi.ac.uk/vol1/fastq/ERR455/006/ERR4553436/ERR4553436_2.fastq.gz	ITM2005-02085
PRJEB39569	SAMEA7280179	ERX4489807	ERR4553437	1773	Mycobacterium tuberculosis	ILLUMINA	Illumina HiSeq 2500	ftp.sra.ebi.ac.uk/vol1/fastq/ERR455/007/ERR4553437/ERR4553437_1.fastq.gz;ftp.sra.ebi.ac.uk/vol1/fastq/ERR455/007/ERR4553437/ERR4553437_2.fastq.gz	ITM2005-02090
PRJEB39569	SAMEA7280180	ERX4489808	ERR4553438	1773	Mycobacterium tuberculosis	ILLUMINA	Illumina HiSeq 2500	ftp.sra.ebi.ac.uk/vol1/fastq/ERR455/008/ERR4553438/ERR4553438_1.fastq.gz;ftp.sra.ebi.ac.uk/vol1/fastq/ERR455/008/ERR4553438/ERR4553438_2.fastq.gz	ITM2005-02129
PRJEB39569	SAMEA7280181	ERX4489809	ERR4553439	1773	Mycobacterium tuberculosis	ILLUMINA	Illumina HiSeq 2500	ftp.sra.ebi.ac.uk/vol1/fastq/ERR455/009/ERR4553439/ERR4553439_1.fastq.gz;ftp.sra.ebi.ac.uk/vol1/fastq/ERR455/009/ERR4553439/ERR4553439_2.fastq.gz	ITM2005-02137
PRJEB39569	SAMEA7280182	ERX4489810	ERR4553440	1773	Mycobacterium tuberculosis	ILLUMINA	Illumina HiSeq 2500	ftp.sra.ebi.ac.uk/vol1/fastq/ERR455/000/ERR4553440/ERR4553440_1.fastq.gz;ftp.sra.ebi.ac.uk/vol1/fastq/ERR455/000/ERR4553440/ERR4553440_2.fastq.gz	ITM2005-02144
PRJEB39569	SAMEA7280183	ERX4489811	ERR4553441	1773	Mycobacterium tuberculosis	ILLUMINA	Illumina HiSeq 2500	ftp.sra.ebi.ac.uk/vol1/fastq/ERR455/001/ERR4553441/ERR4553441_1.fastq.gz;ftp.sra.ebi.ac.uk/vol1/fastq/ERR455/001/ERR4553441/ERR4553441_2.fastq.gz	ITM2005-02145
PRJEB39569	SAMEA7280184	ERX4489812	ERR4553442	1773	Mycobacterium tuberculosis	ILLUMINA	Illumina HiSeq 2500	ftp.sra.ebi.ac.uk/vol1/fastq/ERR455/002/ERR4553442/ERR4553442_1.fastq.gz;ftp.sra.ebi.ac.uk/vol1/fastq/ERR455/002/ERR4553442/ERR4553442_2.fastq.gz	ITM2005-02151
PRJEB39569	SAMEA7280185	ERX4489813	ERR4553443	1773	Mycobacterium tuberculosis	ILLUMINA	Illumina HiSeq 2500	ftp.sra.ebi.ac.uk/vol1/fastq/ERR455/003/ERR4553443/ERR4553443_1.fastq.gz;ftp.sra.ebi.ac.uk/vol1/fastq/ERR455/003/ERR4553443/ERR4553443_2.fastq.gz	ITM2005-02168
PRJEB39569	SAMEA7280186	ERX4489814	ERR4553444	1773	Mycobacterium tuberculosis	ILLUMINA	Illumina HiSeq 2500	ftp.sra.ebi.ac.uk/vol1/fastq/ERR455/004/ERR4553444/ERR4553444_1.fastq.gz;ftp.sra.ebi.ac.uk/vol1/fastq/ERR455/004/ERR4553444/ERR4553444_2.fastq.gz	ITM2005-02169
PRJEB39569	SAMEA7280187	ERX4489815	ERR4553445	1773	Mycobacterium tuberculosis	ILLUMINA	Illumina HiSeq 2500	ftp.sra.ebi.ac.uk/vol1/fastq/ERR455/005/ERR4553445/ERR4553445_1.fastq.gz;ftp.sra.ebi.ac.uk/vol1/fastq/ERR455/005/ERR4553445/ERR4553445_2.fastq.gz	ITM2005-02195
PRJEB39569	SAMEA7280188	ERX4489816	ERR4553446	1773	Mycobacterium tuberculosis	ILLUMINA	Illumina HiSeq 2500	ftp.sra.ebi.ac.uk/vol1/fastq/ERR455/006/ERR4553446/ERR4553446_1.fastq.gz;ftp.sra.ebi.ac.uk/vol1/fastq/ERR455/006/ERR4553446/ERR4553446_2.fastq.gz	ITM2005-02398
PRJEB39569	SAMEA7280189	ERX4489817	ERR4553447	1773	Mycobacterium tuberculosis	ILLUMINA	Illumina HiSeq 2500	ftp.sra.ebi.ac.uk/vol1/fastq/ERR455/007/ERR4553447/ERR4553447_1.fastq.gz;ftp.sra.ebi.ac.uk/vol1/fastq/ERR455/007/ERR4553447/ERR4553447_2.fastq.gz	ITM2005-02418
PRJEB39569	SAMEA7280190	ERX4489818	ERR4553448	1773	Mycobacterium tuberculosis	ILLUMINA	Illumina HiSeq 2500	ftp.sra.ebi.ac.uk/vol1/fastq/ERR455/008/ERR4553448/ERR4553448_1.fastq.gz;ftp.sra.ebi.ac.uk/vol1/fastq/ERR455/008/ERR4553448/ERR4553448_2.fastq.gz	ITM2005-02427
PRJEB39569	SAMEA7280191	ERX4489819	ERR4553449	1773	Mycobacterium tuberculosis	ILLUMINA	Illumina HiSeq 2500	ftp.sra.ebi.ac.uk/vol1/fastq/ERR455/009/ERR4553449/ERR4553449_1.fastq.gz;ftp.sra.ebi.ac.uk/vol1/fastq/ERR455/009/ERR4553449/ERR4553449_2.fastq.gz	ITM2005-02669
PRJEB39569	SAMEA7280192	ERX4489820	ERR4553450	1773	Mycobacterium tuberculosis	ILLUMINA	Illumina HiSeq 2500	ftp.sra.ebi.ac.uk/vol1/fastq/ERR455/000/ERR4553450/ERR4553450_1.fastq.gz;ftp.sra.ebi.ac.uk/vol1/fastq/ERR455/000/ERR4553450/ERR4553450_2.fastq.gz	ITM2005-02675
PRJEB39569	SAMEA7280193	ERX4489821	ERR4553451	1773	Mycobacterium tuberculosis	ILLUMINA	Illumina HiSeq 2500	ftp.sra.ebi.ac.uk/vol1/fastq/ERR455/001/ERR4553451/ERR4553451_1.fastq.gz;ftp.sra.ebi.ac.uk/vol1/fastq/ERR455/001/ERR4553451/ERR4553451_2.fastq.gz	ITM2005-02678
PRJEB39569	SAMEA7280194	ERX4489822	ERR4553452	1773	Mycobacterium tuberculosis	ILLUMINA	Illumina HiSeq 2500	ftp.sra.ebi.ac.uk/vol1/fastq/ERR455/002/ERR4553452/ERR4553452_1.fastq.gz;ftp.sra.ebi.ac.uk/vol1/fastq/ERR455/002/ERR4553452/ERR4553452_2.fastq.gz	ITM2005-02692
PRJEB39569	SAMEA7280195	ERX4489823	ERR4553453	1773	Mycobacterium tuberculosis	ILLUMINA	Illumina HiSeq 2500	ftp.sra.ebi.ac.uk/vol1/fastq/ERR455/003/ERR4553453/ERR4553453_1.fastq.gz;ftp.sra.ebi.ac.uk/vol1/fastq/ERR455/003/ERR4553453/ERR4553453_2.fastq.gz	ITM2005-02712
PRJEB39569	SAMEA7280196	ERX4489824	ERR4553454	1773	Mycobacterium tuberculosis	ILLUMINA	Illumina HiSeq 2500	ftp.sra.ebi.ac.uk/vol1/fastq/ERR455/004/ERR4553454/ERR4553454_1.fastq.gz;ftp.sra.ebi.ac.uk/vol1/fastq/ERR455/004/ERR4553454/ERR4553454_2.fastq.gz	ITM2005-02722
PRJEB39569	SAMEA7280197	ERX4489825	ERR4553455	1773	Mycobacterium tuberculosis	ILLUMINA	Illumina HiSeq 2500	ftp.sra.ebi.ac.uk/vol1/fastq/ERR455/005/ERR4553455/ERR4553455_1.fastq.gz;ftp.sra.ebi.ac.uk/vol1/fastq/ERR455/005/ERR4553455/ERR4553455_2.fastq.gz	ITM2005-02784
PRJEB39569	SAMEA7280198	ERX4489826	ERR4553456	1773	Mycobacterium tuberculosis	ILLUMINA	Illumina HiSeq 2500	ftp.sra.ebi.ac.uk/vol1/fastq/ERR455/006/ERR4553456/ERR4553456_1.fastq.gz;ftp.sra.ebi.ac.uk/vol1/fastq/ERR455/006/ERR4553456/ERR4553456_2.fastq.gz	ITM2005-02826
PRJEB39569	SAMEA7280199	ERX4489827	ERR4553457	1773	Mycobacterium tuberculosis	ILLUMINA	Illumina HiSeq 2500	ftp.sra.ebi.ac.uk/vol1/fastq/ERR455/007/ERR4553457/ERR4553457_1.fastq.gz;ftp.sra.ebi.ac.uk/vol1/fastq/ERR455/007/ERR4553457/ERR4553457_2.fastq.gz	ITM2005-02873
PRJEB39569	SAMEA7280200	ERX4489828	ERR4553458	1773	Mycobacterium tuberculosis	ILLUMINA	Illumina HiSeq 2500	ftp.sra.ebi.ac.uk/vol1/fastq/ERR455/008/ERR4553458/ERR4553458_1.fastq.gz;ftp.sra.ebi.ac.uk/vol1/fastq/ERR455/008/ERR4553458/ERR4553458_2.fastq.gz	ITM2005-02874
PRJEB39569	SAMEA7280201	ERX4489829	ERR4553459	1773	Mycobacterium tuberculosis	ILLUMINA	Illumina HiSeq 2500	ftp.sra.ebi.ac.uk/vol1/fastq/ERR455/009/ERR4553459/ERR4553459_1.fastq.gz;ftp.sra.ebi.ac.uk/vol1/fastq/ERR455/009/ERR4553459/ERR4553459_2.fastq.gz	ITM2005-02879
PRJEB39569	SAMEA7280202	ERX4489830	ERR4553460	1773	Mycobacterium tuberculosis	ILLUMINA	Illumina HiSeq 2500	ftp.sra.ebi.ac.uk/vol1/fastq/ERR455/000/ERR4553460/ERR4553460_1.fastq.gz;ftp.sra.ebi.ac.uk/vol1/fastq/ERR455/000/ERR4553460/ERR4553460_2.fastq.gz	ITM2005-02880
PRJEB39569	SAMEA7280203	ERX4489831	ERR4553461	1773	Mycobacterium tuberculosis	ILLUMINA	Illumina HiSeq 2500	ftp.sra.ebi.ac.uk/vol1/fastq/ERR455/001/ERR4553461/ERR4553461_1.fastq.gz;ftp.sra.ebi.ac.uk/vol1/fastq/ERR455/001/ERR4553461/ERR4553461_2.fastq.gz	ITM2005-02887
PRJEB39569	SAMEA7280204	ERX4489832	ERR4553462	1773	Mycobacterium tuberculosis	ILLUMINA	Illumina HiSeq 2500	ftp.sra.ebi.ac.uk/vol1/fastq/ERR455/002/ERR4553462/ERR4553462_1.fastq.gz;ftp.sra.ebi.ac.uk/vol1/fastq/ERR455/002/ERR4553462/ERR4553462_2.fastq.gz	ITM2005-02896
PRJEB39569	SAMEA7280205	ERX4489833	ERR4553463	1773	Mycobacterium tuberculosis	ILLUMINA	Illumina HiSeq 2500	ftp.sra.ebi.ac.uk/vol1/fastq/ERR455/003/ERR4553463/ERR4553463_1.fastq.gz;ftp.sra.ebi.ac.uk/vol1/fastq/ERR455/003/ERR4553463/ERR4553463_2.fastq.gz	ITM2005-02909
PRJEB39569	SAMEA7280206	ERX4489834	ERR4553464	1773	Mycobacterium tuberculosis	ILLUMINA	Illumina HiSeq 2500	ftp.sra.ebi.ac.uk/vol1/fastq/ERR455/004/ERR4553464/ERR4553464_1.fastq.gz;ftp.sra.ebi.ac.uk/vol1/fastq/ERR455/004/ERR4553464/ERR4553464_2.fastq.gz	ITM2005-02924
PRJEB39569	SAMEA7280207	ERX4489835	ERR4553465	1773	Mycobacterium tuberculosis	ILLUMINA	Illumina HiSeq 2500	ftp.sra.ebi.ac.uk/vol1/fastq/ERR455/005/ERR4553465/ERR4553465_1.fastq.gz;ftp.sra.ebi.ac.uk/vol1/fastq/ERR455/005/ERR4553465/ERR4553465_2.fastq.gz	ITM2005-02936
PRJEB39569	SAMEA7280208	ERX4489836	ERR4553466	1773	Mycobacterium tuberculosis	ILLUMINA	Illumina HiSeq 2500	ftp.sra.ebi.ac.uk/vol1/fastq/ERR455/006/ERR4553466/ERR4553466_1.fastq.gz;ftp.sra.ebi.ac.uk/vol1/fastq/ERR455/006/ERR4553466/ERR4553466_2.fastq.gz	ITM2005-02939
PRJEB39569	SAMEA7280209	ERX4489837	ERR4553467	1773	Mycobacterium tuberculosis	ILLUMINA	Illumina HiSeq 2500	ftp.sra.ebi.ac.uk/vol1/fastq/ERR455/007/ERR4553467/ERR4553467_1.fastq.gz;ftp.sra.ebi.ac.uk/vol1/fastq/ERR455/007/ERR4553467/ERR4553467_2.fastq.gz	ITM2005-02951
PRJEB39569	SAMEA7280210	ERX4489838	ERR4553468	1773	Mycobacterium tuberculosis	ILLUMINA	Illumina HiSeq 2500	ftp.sra.ebi.ac.uk/vol1/fastq/ERR455/008/ERR4553468/ERR4553468_1.fastq.gz;ftp.sra.ebi.ac.uk/vol1/fastq/ERR455/008/ERR4553468/ERR4553468_2.fastq.gz	ITM2006-00115
PRJEB39569	SAMEA7280211	ERX4489839	ERR4553469	1773	Mycobacterium tuberculosis	ILLUMINA	Illumina HiSeq 2500	ftp.sra.ebi.ac.uk/vol1/fastq/ERR455/009/ERR4553469/ERR4553469_1.fastq.gz;ftp.sra.ebi.ac.uk/vol1/fastq/ERR455/009/ERR4553469/ERR4553469_2.fastq.gz	ITM2006-00287
PRJEB39569	SAMEA7280212	ERX4489840	ERR4553470	1773	Mycobacterium tuberculosis	ILLUMINA	Illumina HiSeq 2500	ftp.sra.ebi.ac.uk/vol1/fastq/ERR455/000/ERR4553470/ERR4553470_1.fastq.gz;ftp.sra.ebi.ac.uk/vol1/fastq/ERR455/000/ERR4553470/ERR4553470_2.fastq.gz	ITM2006-00310
PRJEB39569	SAMEA7280213	ERX4489841	ERR4553471	1773	Mycobacterium tuberculosis	ILLUMINA	Illumina HiSeq 2500	ftp.sra.ebi.ac.uk/vol1/fastq/ERR455/001/ERR4553471/ERR4553471_1.fastq.gz;ftp.sra.ebi.ac.uk/vol1/fastq/ERR455/001/ERR4553471/ERR4553471_2.fastq.gz	ITM2006-00328
PRJEB39569	SAMEA7280214	ERX4489842	ERR4553472	1773	Mycobacterium tuberculosis	ILLUMINA	Illumina HiSeq 2500	ftp.sra.ebi.ac.uk/vol1/fastq/ERR455/002/ERR4553472/ERR4553472_1.fastq.gz;ftp.sra.ebi.ac.uk/vol1/fastq/ERR455/002/ERR4553472/ERR4553472_2.fastq.gz	ITM2006-00336
PRJEB39569	SAMEA7280215	ERX4489843	ERR4553473	1773	Mycobacterium tuberculosis	ILLUMINA	Illumina HiSeq 2500	ftp.sra.ebi.ac.uk/vol1/fastq/ERR455/003/ERR4553473/ERR4553473_1.fastq.gz;ftp.sra.ebi.ac.uk/vol1/fastq/ERR455/003/ERR4553473/ERR4553473_2.fastq.gz	ITM2006-00339
PRJEB39569	SAMEA7280216	ERX4489844	ERR4553474	1773	Mycobacterium tuberculosis	ILLUMINA	Illumina HiSeq 2500	ftp.sra.ebi.ac.uk/vol1/fastq/ERR455/004/ERR4553474/ERR4553474_1.fastq.gz;ftp.sra.ebi.ac.uk/vol1/fastq/ERR455/004/ERR4553474/ERR4553474_2.fastq.gz	ITM2006-00342
PRJEB39569	SAMEA7280217	ERX4489845	ERR4553475	1773	Mycobacterium tuberculosis	ILLUMINA	Illumina HiSeq 2500	ftp.sra.ebi.ac.uk/vol1/fastq/ERR455/005/ERR4553475/ERR4553475_1.fastq.gz;ftp.sra.ebi.ac.uk/vol1/fastq/ERR455/005/ERR4553475/ERR4553475_2.fastq.gz	ITM2006-00344
PRJEB39569	SAMEA7280218	ERX4489846	ERR4553476	1773	Mycobacterium tuberculosis	ILLUMINA	Illumina HiSeq 2500	ftp.sra.ebi.ac.uk/vol1/fastq/ERR455/006/ERR4553476/ERR4553476_1.fastq.gz;ftp.sra.ebi.ac.uk/vol1/fastq/ERR455/006/ERR4553476/ERR4553476_2.fastq.gz	ITM2006-00352
PRJEB39569	SAMEA7280219	ERX4489847	ERR4553477	1773	Mycobacterium tuberculosis	ILLUMINA	Illumina HiSeq 2500	ftp.sra.ebi.ac.uk/vol1/fastq/ERR455/007/ERR4553477/ERR4553477_1.fastq.gz;ftp.sra.ebi.ac.uk/vol1/fastq/ERR455/007/ERR4553477/ERR4553477_2.fastq.gz	ITM2006-00579
PRJEB39569	SAMEA7280220	ERX4489848	ERR4553478	1773	Mycobacterium tuberculosis	ILLUMINA	Illumina HiSeq 2500	ftp.sra.ebi.ac.uk/vol1/fastq/ERR455/008/ERR4553478/ERR4553478_1.fastq.gz;ftp.sra.ebi.ac.uk/vol1/fastq/ERR455/008/ERR4553478/ERR4553478_2.fastq.gz	ITM2006-00583
PRJEB39569	SAMEA7280221	ERX4489849	ERR4553479	1773	Mycobacterium tuberculosis	ILLUMINA	Illumina HiSeq 2500	ftp.sra.ebi.ac.uk/vol1/fastq/ERR455/009/ERR4553479/ERR4553479_1.fastq.gz;ftp.sra.ebi.ac.uk/vol1/fastq/ERR455/009/ERR4553479/ERR4553479_2.fastq.gz	ITM2006-00603
PRJEB39569	SAMEA7280222	ERX4489850	ERR4553480	1773	Mycobacterium tuberculosis	ILLUMINA	Illumina HiSeq 2500	ftp.sra.ebi.ac.uk/vol1/fastq/ERR455/000/ERR4553480/ERR4553480_1.fastq.gz;ftp.sra.ebi.ac.uk/vol1/fastq/ERR455/000/ERR4553480/ERR4553480_2.fastq.gz	ITM2006-00617
PRJEB39569	SAMEA7280223	ERX4489851	ERR4553481	1773	Mycobacterium tuberculosis	ILLUMINA	Illumina HiSeq 2500	ftp.sra.ebi.ac.uk/vol1/fastq/ERR455/001/ERR4553481/ERR4553481_1.fastq.gz;ftp.sra.ebi.ac.uk/vol1/fastq/ERR455/001/ERR4553481/ERR4553481_2.fastq.gz	ITM2006-00626
PRJEB39569	SAMEA7280224	ERX4489852	ERR4553482	1773	Mycobacterium tuberculosis	ILLUMINA	Illumina HiSeq 2500	ftp.sra.ebi.ac.uk/vol1/fastq/ERR455/002/ERR4553482/ERR4553482_1.fastq.gz;ftp.sra.ebi.ac.uk/vol1/fastq/ERR455/002/ERR4553482/ERR4553482_2.fastq.gz	ITM2006-00633
PRJEB39569	SAMEA7280225	ERX4489853	ERR4553483	1773	Mycobacterium tuberculosis	ILLUMINA	Illumina HiSeq 2500	ftp.sra.ebi.ac.uk/vol1/fastq/ERR455/003/ERR4553483/ERR4553483_1.fastq.gz;ftp.sra.ebi.ac.uk/vol1/fastq/ERR455/003/ERR4553483/ERR4553483_2.fastq.gz	ITM2006-00662
PRJEB39569	SAMEA7280226	ERX4489854	ERR4553484	1773	Mycobacterium tuberculosis	ILLUMINA	Illumina HiSeq 2500	ftp.sra.ebi.ac.uk/vol1/fastq/ERR455/004/ERR4553484/ERR4553484_1.fastq.gz;ftp.sra.ebi.ac.uk/vol1/fastq/ERR455/004/ERR4553484/ERR4553484_2.fastq.gz	ITM2006-00663
PRJEB39569	SAMEA7280227	ERX4489855	ERR4553485	1773	Mycobacterium tuberculosis	ILLUMINA	Illumina HiSeq 2500	ftp.sra.ebi.ac.uk/vol1/fastq/ERR455/005/ERR4553485/ERR4553485_1.fastq.gz;ftp.sra.ebi.ac.uk/vol1/fastq/ERR455/005/ERR4553485/ERR4553485_2.fastq.gz	ITM2006-00699
PRJEB39569	SAMEA7280228	ERX4489856	ERR4553486	1773	Mycobacterium tuberculosis	ILLUMINA	Illumina HiSeq 2500	ftp.sra.ebi.ac.uk/vol1/fastq/ERR455/006/ERR4553486/ERR4553486_1.fastq.gz;ftp.sra.ebi.ac.uk/vol1/fastq/ERR455/006/ERR4553486/ERR4553486_2.fastq.gz	ITM2006-00711
PRJEB39569	SAMEA7280229	ERX4489857	ERR4553487	1773	Mycobacterium tuberculosis	ILLUMINA	Illumina HiSeq 2500	ftp.sra.ebi.ac.uk/vol1/fastq/ERR455/007/ERR4553487/ERR4553487_1.fastq.gz;ftp.sra.ebi.ac.uk/vol1/fastq/ERR455/007/ERR4553487/ERR4553487_2.fastq.gz	ITM2006-00733
PRJEB39569	SAMEA7280230	ERX4489858	ERR4553488	1773	Mycobacterium tuberculosis	ILLUMINA	Illumina HiSeq 2500	ftp.sra.ebi.ac.uk/vol1/fastq/ERR455/008/ERR4553488/ERR4553488_1.fastq.gz;ftp.sra.ebi.ac.uk/vol1/fastq/ERR455/008/ERR4553488/ERR4553488_2.fastq.gz	ITM2006-00741
PRJEB39569	SAMEA7280231	ERX4489859	ERR4553489	1773	Mycobacterium tuberculosis	ILLUMINA	Illumina HiSeq 2500	ftp.sra.ebi.ac.uk/vol1/fastq/ERR455/009/ERR4553489/ERR4553489_1.fastq.gz;ftp.sra.ebi.ac.uk/vol1/fastq/ERR455/009/ERR4553489/ERR4553489_2.fastq.gz	ITM2006-01002
PRJEB39569	SAMEA7280232	ERX4489860	ERR4553490	1773	Mycobacterium tuberculosis	ILLUMINA	Illumina HiSeq 2500	ftp.sra.ebi.ac.uk/vol1/fastq/ERR455/000/ERR4553490/ERR4553490_1.fastq.gz;ftp.sra.ebi.ac.uk/vol1/fastq/ERR455/000/ERR4553490/ERR4553490_2.fastq.gz	ITM2006-01009
PRJEB39569	SAMEA7280233	ERX4489861	ERR4553491	1773	Mycobacterium tuberculosis	ILLUMINA	Illumina HiSeq 2500	ftp.sra.ebi.ac.uk/vol1/fastq/ERR455/001/ERR4553491/ERR4553491_1.fastq.gz;ftp.sra.ebi.ac.uk/vol1/fastq/ERR455/001/ERR4553491/ERR4553491_2.fastq.gz	ITM2006-01034
PRJEB39569	SAMEA7280234	ERX4489862	ERR4553492	1773	Mycobacterium tuberculosis	ILLUMINA	Illumina HiSeq 2500	ftp.sra.ebi.ac.uk/vol1/fastq/ERR455/002/ERR4553492/ERR4553492_1.fastq.gz;ftp.sra.ebi.ac.uk/vol1/fastq/ERR455/002/ERR4553492/ERR4553492_2.fastq.gz	ITM2006-01035
PRJEB39569	SAMEA7280235	ERX4489863	ERR4553493	1773	Mycobacterium tuberculosis	ILLUMINA	Illumina HiSeq 2500	ftp.sra.ebi.ac.uk/vol1/fastq/ERR455/003/ERR4553493/ERR4553493_1.fastq.gz;ftp.sra.ebi.ac.uk/vol1/fastq/ERR455/003/ERR4553493/ERR4553493_2.fastq.gz	ITM2006-01152
PRJEB39569	SAMEA7280236	ERX4489864	ERR4553494	1773	Mycobacterium tuberculosis	ILLUMINA	Illumina HiSeq 2500	ftp.sra.ebi.ac.uk/vol1/fastq/ERR455/004/ERR4553494/ERR4553494_1.fastq.gz;ftp.sra.ebi.ac.uk/vol1/fastq/ERR455/004/ERR4553494/ERR4553494_2.fastq.gz	ITM2006-01165
PRJEB39569	SAMEA7280237	ERX4489865	ERR4553495	1773	Mycobacterium tuberculosis	ILLUMINA	Illumina HiSeq 2500	ftp.sra.ebi.ac.uk/vol1/fastq/ERR455/005/ERR4553495/ERR4553495_1.fastq.gz;ftp.sra.ebi.ac.uk/vol1/fastq/ERR455/005/ERR4553495/ERR4553495_2.fastq.gz	ITM2006-01170
PRJEB39569	SAMEA7280238	ERX4489866	ERR4553496	1773	Mycobacterium tuberculosis	ILLUMINA	Illumina HiSeq 2500	ftp.sra.ebi.ac.uk/vol1/fastq/ERR455/006/ERR4553496/ERR4553496_1.fastq.gz;ftp.sra.ebi.ac.uk/vol1/fastq/ERR455/006/ERR4553496/ERR4553496_2.fastq.gz	ITM2006-01602
PRJEB39569	SAMEA7280239	ERX4489867	ERR4553497	1773	Mycobacterium tuberculosis	ILLUMINA	Illumina HiSeq 2500	ftp.sra.ebi.ac.uk/vol1/fastq/ERR455/007/ERR4553497/ERR4553497_1.fastq.gz;ftp.sra.ebi.ac.uk/vol1/fastq/ERR455/007/ERR4553497/ERR4553497_2.fastq.gz	ITM2006-01618
PRJEB39569	SAMEA7280240	ERX4489868	ERR4553498	1773	Mycobacterium tuberculosis	ILLUMINA	Illumina HiSeq 2500	ftp.sra.ebi.ac.uk/vol1/fastq/ERR455/008/ERR4553498/ERR4553498_1.fastq.gz;ftp.sra.ebi.ac.uk/vol1/fastq/ERR455/008/ERR4553498/ERR4553498_2.fastq.gz	ITM2006-01934
PRJEB39569	SAMEA7280241	ERX4489869	ERR4553499	1773	Mycobacterium tuberculosis	ILLUMINA	Illumina HiSeq 2500	ftp.sra.ebi.ac.uk/vol1/fastq/ERR455/009/ERR4553499/ERR4553499_1.fastq.gz;ftp.sra.ebi.ac.uk/vol1/fastq/ERR455/009/ERR4553499/ERR4553499_2.fastq.gz	ITM2006-01936
PRJEB39569	SAMEA7280242	ERX4489870	ERR4553500	1773	Mycobacterium tuberculosis	ILLUMINA	Illumina HiSeq 2500	ftp.sra.ebi.ac.uk/vol1/fastq/ERR455/000/ERR4553500/ERR4553500_1.fastq.gz;ftp.sra.ebi.ac.uk/vol1/fastq/ERR455/000/ERR4553500/ERR4553500_2.fastq.gz	ITM2006-01937
PRJEB39569	SAMEA7280243	ERX4489871	ERR4553501	1773	Mycobacterium tuberculosis	ILLUMINA	Illumina HiSeq 2500	ftp.sra.ebi.ac.uk/vol1/fastq/ERR455/001/ERR4553501/ERR4553501_1.fastq.gz;ftp.sra.ebi.ac.uk/vol1/fastq/ERR455/001/ERR4553501/ERR4553501_2.fastq.gz	ITM2006-01941
PRJEB39569	SAMEA7280244	ERX4489872	ERR4553502	1773	Mycobacterium tuberculosis	ILLUMINA	Illumina HiSeq 2500	ftp.sra.ebi.ac.uk/vol1/fastq/ERR455/002/ERR4553502/ERR4553502_1.fastq.gz;ftp.sra.ebi.ac.uk/vol1/fastq/ERR455/002/ERR4553502/ERR4553502_2.fastq.gz	ITM2006-01944
PRJEB39569	SAMEA7280245	ERX4489873	ERR4553503	1773	Mycobacterium tuberculosis	ILLUMINA	Illumina HiSeq 2500	ftp.sra.ebi.ac.uk/vol1/fastq/ERR455/003/ERR4553503/ERR4553503_1.fastq.gz;ftp.sra.ebi.ac.uk/vol1/fastq/ERR455/003/ERR4553503/ERR4553503_2.fastq.gz	ITM2006-01951
PRJEB39569	SAMEA7280246	ERX4489874	ERR4553504	1773	Mycobacterium tuberculosis	ILLUMINA	Illumina HiSeq 2500	ftp.sra.ebi.ac.uk/vol1/fastq/ERR455/004/ERR4553504/ERR4553504_1.fastq.gz;ftp.sra.ebi.ac.uk/vol1/fastq/ERR455/004/ERR4553504/ERR4553504_2.fastq.gz	ITM2006-02361
PRJEB39569	SAMEA7280247	ERX4489875	ERR4553505	1773	Mycobacterium tuberculosis	ILLUMINA	Illumina HiSeq 2500	ftp.sra.ebi.ac.uk/vol1/fastq/ERR455/005/ERR4553505/ERR4553505_1.fastq.gz;ftp.sra.ebi.ac.uk/vol1/fastq/ERR455/005/ERR4553505/ERR4553505_2.fastq.gz	ITM2006-02362
PRJEB39569	SAMEA7280248	ERX4489876	ERR4553506	1773	Mycobacterium tuberculosis	ILLUMINA	Illumina HiSeq 2500	ftp.sra.ebi.ac.uk/vol1/fastq/ERR455/006/ERR4553506/ERR4553506_1.fastq.gz;ftp.sra.ebi.ac.uk/vol1/fastq/ERR455/006/ERR4553506/ERR4553506_2.fastq.gz	ITM2006-02367
PRJEB39569	SAMEA7280249	ERX4489877	ERR4553507	1773	Mycobacterium tuberculosis	ILLUMINA	Illumina HiSeq 2500	ftp.sra.ebi.ac.uk/vol1/fastq/ERR455/007/ERR4553507/ERR4553507_1.fastq.gz;ftp.sra.ebi.ac.uk/vol1/fastq/ERR455/007/ERR4553507/ERR4553507_2.fastq.gz	ITM2006-02368
PRJEB39569	SAMEA7280250	ERX4489878	ERR4553508	1773	Mycobacterium tuberculosis	ILLUMINA	Illumina HiSeq 2500	ftp.sra.ebi.ac.uk/vol1/fastq/ERR455/008/ERR4553508/ERR4553508_1.fastq.gz;ftp.sra.ebi.ac.uk/vol1/fastq/ERR455/008/ERR4553508/ERR4553508_2.fastq.gz	ITM2006-02370
PRJEB39569	SAMEA7280251	ERX4489879	ERR4553509	1773	Mycobacterium tuberculosis	ILLUMINA	Illumina HiSeq 2500	ftp.sra.ebi.ac.uk/vol1/fastq/ERR455/009/ERR4553509/ERR4553509_1.fastq.gz;ftp.sra.ebi.ac.uk/vol1/fastq/ERR455/009/ERR4553509/ERR4553509_2.fastq.gz	ITM2006-02387
PRJEB39569	SAMEA7280252	ERX4489880	ERR4553510	1773	Mycobacterium tuberculosis	ILLUMINA	Illumina HiSeq 2500	ftp.sra.ebi.ac.uk/vol1/fastq/ERR455/000/ERR4553510/ERR4553510_1.fastq.gz;ftp.sra.ebi.ac.uk/vol1/fastq/ERR455/000/ERR4553510/ERR4553510_2.fastq.gz	ITM2006-02513
PRJEB39569	SAMEA7280253	ERX4489881	ERR4553511	1773	Mycobacterium tuberculosis	ILLUMINA	Illumina HiSeq 2500	ftp.sra.ebi.ac.uk/vol1/fastq/ERR455/001/ERR4553511/ERR4553511_1.fastq.gz;ftp.sra.ebi.ac.uk/vol1/fastq/ERR455/001/ERR4553511/ERR4553511_2.fastq.gz	ITM2006-02520
PRJEB39569	SAMEA7280254	ERX4489882	ERR4553512	1773	Mycobacterium tuberculosis	ILLUMINA	Illumina HiSeq 2500	ftp.sra.ebi.ac.uk/vol1/fastq/ERR455/002/ERR4553512/ERR4553512_1.fastq.gz;ftp.sra.ebi.ac.uk/vol1/fastq/ERR455/002/ERR4553512/ERR4553512_2.fastq.gz	ITM2006-02538
PRJEB39569	SAMEA7280255	ERX4489883	ERR4553513	1773	Mycobacterium tuberculosis	ILLUMINA	Illumina HiSeq 2500	ftp.sra.ebi.ac.uk/vol1/fastq/ERR455/003/ERR4553513/ERR4553513_1.fastq.gz;ftp.sra.ebi.ac.uk/vol1/fastq/ERR455/003/ERR4553513/ERR4553513_2.fastq.gz	ITM2006-03444
PRJEB39569	SAMEA7280256	ERX4489884	ERR4553514	1773	Mycobacterium tuberculosis	ILLUMINA	Illumina HiSeq 2500	ftp.sra.ebi.ac.uk/vol1/fastq/ERR455/004/ERR4553514/ERR4553514_1.fastq.gz;ftp.sra.ebi.ac.uk/vol1/fastq/ERR455/004/ERR4553514/ERR4553514_2.fastq.gz	ITM2006-03446
PRJEB39569	SAMEA7280257	ERX4489885	ERR4553515	1773	Mycobacterium tuberculosis	ILLUMINA	Illumina HiSeq 2500	ftp.sra.ebi.ac.uk/vol1/fastq/ERR455/005/ERR4553515/ERR4553515_1.fastq.gz;ftp.sra.ebi.ac.uk/vol1/fastq/ERR455/005/ERR4553515/ERR4553515_2.fastq.gz	ITM2006-03454
PRJEB39569	SAMEA7280258	ERX4489886	ERR4553516	1773	Mycobacterium tuberculosis	ILLUMINA	Illumina HiSeq 2500	ftp.sra.ebi.ac.uk/vol1/fastq/ERR455/006/ERR4553516/ERR4553516_1.fastq.gz;ftp.sra.ebi.ac.uk/vol1/fastq/ERR455/006/ERR4553516/ERR4553516_2.fastq.gz	ITM2006-03705
PRJEB39569	SAMEA7280259	ERX4489887	ERR4553517	1773	Mycobacterium tuberculosis	ILLUMINA	Illumina HiSeq 2500	ftp.sra.ebi.ac.uk/vol1/fastq/ERR455/007/ERR4553517/ERR4553517_1.fastq.gz;ftp.sra.ebi.ac.uk/vol1/fastq/ERR455/007/ERR4553517/ERR4553517_2.fastq.gz	ITM2006-03883
PRJEB39569	SAMEA7280260	ERX4489888	ERR4553518	1773	Mycobacterium tuberculosis	ILLUMINA	Illumina HiSeq 2500	ftp.sra.ebi.ac.uk/vol1/fastq/ERR455/008/ERR4553518/ERR4553518_1.fastq.gz;ftp.sra.ebi.ac.uk/vol1/fastq/ERR455/008/ERR4553518/ERR4553518_2.fastq.gz	ITM2006-03902
PRJEB39569	SAMEA7280261	ERX4489889	ERR4553519	1773	Mycobacterium tuberculosis	ILLUMINA	Illumina HiSeq 2500	ftp.sra.ebi.ac.uk/vol1/fastq/ERR455/009/ERR4553519/ERR4553519_1.fastq.gz;ftp.sra.ebi.ac.uk/vol1/fastq/ERR455/009/ERR4553519/ERR4553519_2.fastq.gz	ITM2006-04046
PRJEB39569	SAMEA7280262	ERX4489890	ERR4553520	1773	Mycobacterium tuberculosis	ILLUMINA	Illumina HiSeq 2500	ftp.sra.ebi.ac.uk/vol1/fastq/ERR455/000/ERR4553520/ERR4553520_1.fastq.gz;ftp.sra.ebi.ac.uk/vol1/fastq/ERR455/000/ERR4553520/ERR4553520_2.fastq.gz	ITM2006-04048
PRJEB39569	SAMEA7280263	ERX4489891	ERR4553521	1773	Mycobacterium tuberculosis	ILLUMINA	Illumina HiSeq 2500	ftp.sra.ebi.ac.uk/vol1/fastq/ERR455/001/ERR4553521/ERR4553521_1.fastq.gz;ftp.sra.ebi.ac.uk/vol1/fastq/ERR455/001/ERR4553521/ERR4553521_2.fastq.gz	ITM2006-04054
PRJEB39569	SAMEA7280264	ERX4489892	ERR4553522	1773	Mycobacterium tuberculosis	ILLUMINA	Illumina HiSeq 2500	ftp.sra.ebi.ac.uk/vol1/fastq/ERR455/002/ERR4553522/ERR4553522_1.fastq.gz;ftp.sra.ebi.ac.uk/vol1/fastq/ERR455/002/ERR4553522/ERR4553522_2.fastq.gz	ITM2006-04059
PRJEB39569	SAMEA7280265	ERX4489893	ERR4553523	1773	Mycobacterium tuberculosis	ILLUMINA	Illumina HiSeq 2500	ftp.sra.ebi.ac.uk/vol1/fastq/ERR455/003/ERR4553523/ERR4553523_1.fastq.gz;ftp.sra.ebi.ac.uk/vol1/fastq/ERR455/003/ERR4553523/ERR4553523_2.fastq.gz	ITM2006-04061
PRJEB39569	SAMEA7280266	ERX4489894	ERR4553524	1773	Mycobacterium tuberculosis	ILLUMINA	Illumina HiSeq 2500	ftp.sra.ebi.ac.uk/vol1/fastq/ERR455/004/ERR4553524/ERR4553524_1.fastq.gz;ftp.sra.ebi.ac.uk/vol1/fastq/ERR455/004/ERR4553524/ERR4553524_2.fastq.gz	ITM2006-04070
PRJEB39569	SAMEA7280267	ERX4489895	ERR4553525	1773	Mycobacterium tuberculosis	ILLUMINA	Illumina HiSeq 2500	ftp.sra.ebi.ac.uk/vol1/fastq/ERR455/005/ERR4553525/ERR4553525_1.fastq.gz;ftp.sra.ebi.ac.uk/vol1/fastq/ERR455/005/ERR4553525/ERR4553525_2.fastq.gz	ITM2007-00054
PRJEB39569	SAMEA7280268	ERX4489896	ERR4553526	1773	Mycobacterium tuberculosis	ILLUMINA	Illumina HiSeq 2500	ftp.sra.ebi.ac.uk/vol1/fastq/ERR455/006/ERR4553526/ERR4553526_1.fastq.gz;ftp.sra.ebi.ac.uk/vol1/fastq/ERR455/006/ERR4553526/ERR4553526_2.fastq.gz	ITM2007-00057
PRJEB39569	SAMEA7280269	ERX4489897	ERR4553527	1773	Mycobacterium tuberculosis	ILLUMINA	Illumina HiSeq 2500	ftp.sra.ebi.ac.uk/vol1/fastq/ERR455/007/ERR4553527/ERR4553527_1.fastq.gz;ftp.sra.ebi.ac.uk/vol1/fastq/ERR455/007/ERR4553527/ERR4553527_2.fastq.gz	ITM2007-00073
PRJEB39569	SAMEA7280270	ERX4489898	ERR4553528	1773	Mycobacterium tuberculosis	ILLUMINA	Illumina HiSeq 2500	ftp.sra.ebi.ac.uk/vol1/fastq/ERR455/008/ERR4553528/ERR4553528_1.fastq.gz;ftp.sra.ebi.ac.uk/vol1/fastq/ERR455/008/ERR4553528/ERR4553528_2.fastq.gz	ITM2007-00253
PRJEB39569	SAMEA7280271	ERX4489899	ERR4553529	1773	Mycobacterium tuberculosis	ILLUMINA	Illumina HiSeq 2500	ftp.sra.ebi.ac.uk/vol1/fastq/ERR455/009/ERR4553529/ERR4553529_1.fastq.gz;ftp.sra.ebi.ac.uk/vol1/fastq/ERR455/009/ERR4553529/ERR4553529_2.fastq.gz	ITM2007-00258
PRJEB39569	SAMEA7280272	ERX4489900	ERR4553530	1773	Mycobacterium tuberculosis	ILLUMINA	Illumina HiSeq 2500	ftp.sra.ebi.ac.uk/vol1/fastq/ERR455/000/ERR4553530/ERR4553530_1.fastq.gz;ftp.sra.ebi.ac.uk/vol1/fastq/ERR455/000/ERR4553530/ERR4553530_2.fastq.gz	ITM2007-00260
PRJEB39569	SAMEA7280273	ERX4489901	ERR4553531	1773	Mycobacterium tuberculosis	ILLUMINA	Illumina HiSeq 2500	ftp.sra.ebi.ac.uk/vol1/fastq/ERR455/001/ERR4553531/ERR4553531_1.fastq.gz;ftp.sra.ebi.ac.uk/vol1/fastq/ERR455/001/ERR4553531/ERR4553531_2.fastq.gz	ITM2007-00262
PRJEB39569	SAMEA7280274	ERX4489902	ERR4553532	1773	Mycobacterium tuberculosis	ILLUMINA	Illumina HiSeq 2500	ftp.sra.ebi.ac.uk/vol1/fastq/ERR455/002/ERR4553532/ERR4553532_1.fastq.gz;ftp.sra.ebi.ac.uk/vol1/fastq/ERR455/002/ERR4553532/ERR4553532_2.fastq.gz	ITM2007-00264
PRJEB39569	SAMEA7280275	ERX4489903	ERR4553533	1773	Mycobacterium tuberculosis	ILLUMINA	Illumina HiSeq 2500	ftp.sra.ebi.ac.uk/vol1/fastq/ERR455/003/ERR4553533/ERR4553533_1.fastq.gz;ftp.sra.ebi.ac.uk/vol1/fastq/ERR455/003/ERR4553533/ERR4553533_2.fastq.gz	ITM2007-00277
PRJEB39569	SAMEA7280276	ERX4489904	ERR4553534	1773	Mycobacterium tuberculosis	ILLUMINA	Illumina HiSeq 2500	ftp.sra.ebi.ac.uk/vol1/fastq/ERR455/004/ERR4553534/ERR4553534_1.fastq.gz;ftp.sra.ebi.ac.uk/vol1/fastq/ERR455/004/ERR4553534/ERR4553534_2.fastq.gz	ITM2007-01337
PRJEB39569	SAMEA7280277	ERX4489905	ERR4553535	1773	Mycobacterium tuberculosis	ILLUMINA	Illumina HiSeq 2500	ftp.sra.ebi.ac.uk/vol1/fastq/ERR455/005/ERR4553535/ERR4553535_1.fastq.gz;ftp.sra.ebi.ac.uk/vol1/fastq/ERR455/005/ERR4553535/ERR4553535_2.fastq.gz	ITM2007-01338
PRJEB39569	SAMEA7280278	ERX4489906	ERR4553536	1773	Mycobacterium tuberculosis	ILLUMINA	Illumina HiSeq 2500	ftp.sra.ebi.ac.uk/vol1/fastq/ERR455/006/ERR4553536/ERR4553536_1.fastq.gz;ftp.sra.ebi.ac.uk/vol1/fastq/ERR455/006/ERR4553536/ERR4553536_2.fastq.gz	ITM2007-01340
PRJEB39569	SAMEA7280279	ERX4489907	ERR4553537	1773	Mycobacterium tuberculosis	ILLUMINA	Illumina HiSeq 2500	ftp.sra.ebi.ac.uk/vol1/fastq/ERR455/007/ERR4553537/ERR4553537_1.fastq.gz;ftp.sra.ebi.ac.uk/vol1/fastq/ERR455/007/ERR4553537/ERR4553537_2.fastq.gz	ITM2007-01344
PRJEB39569	SAMEA7280280	ERX4489908	ERR4553538	1773	Mycobacterium tuberculosis	ILLUMINA	Illumina HiSeq 2500	ftp.sra.ebi.ac.uk/vol1/fastq/ERR455/008/ERR4553538/ERR4553538_1.fastq.gz;ftp.sra.ebi.ac.uk/vol1/fastq/ERR455/008/ERR4553538/ERR4553538_2.fastq.gz	ITM2007-01355
PRJEB39569	SAMEA7280281	ERX4489909	ERR4553539	1773	Mycobacterium tuberculosis	ILLUMINA	Illumina HiSeq 2500	ftp.sra.ebi.ac.uk/vol1/fastq/ERR455/009/ERR4553539/ERR4553539_1.fastq.gz;ftp.sra.ebi.ac.uk/vol1/fastq/ERR455/009/ERR4553539/ERR4553539_2.fastq.gz	ITM2007-01356
PRJEB39569	SAMEA7280282	ERX4489910	ERR4553540	1773	Mycobacterium tuberculosis	ILLUMINA	Illumina HiSeq 2500	ftp.sra.ebi.ac.uk/vol1/fastq/ERR455/000/ERR4553540/ERR4553540_1.fastq.gz;ftp.sra.ebi.ac.uk/vol1/fastq/ERR455/000/ERR4553540/ERR4553540_2.fastq.gz	ITM2007-01369
PRJEB39569	SAMEA7280283	ERX4489911	ERR4553541	1773	Mycobacterium tuberculosis	ILLUMINA	Illumina HiSeq 2500	ftp.sra.ebi.ac.uk/vol1/fastq/ERR455/001/ERR4553541/ERR4553541_1.fastq.gz;ftp.sra.ebi.ac.uk/vol1/fastq/ERR455/001/ERR4553541/ERR4553541_2.fastq.gz	ITM2007-01395
PRJEB39569	SAMEA7280284	ERX4489912	ERR4553542	1773	Mycobacterium tuberculosis	ILLUMINA	Illumina HiSeq 2500	ftp.sra.ebi.ac.uk/vol1/fastq/ERR455/002/ERR4553542/ERR4553542_1.fastq.gz;ftp.sra.ebi.ac.uk/vol1/fastq/ERR455/002/ERR4553542/ERR4553542_2.fastq.gz	ITM2007-01470
PRJEB39569	SAMEA7280285	ERX4489913	ERR4553543	1773	Mycobacterium tuberculosis	ILLUMINA	Illumina HiSeq 2500	ftp.sra.ebi.ac.uk/vol1/fastq/ERR455/003/ERR4553543/ERR4553543_1.fastq.gz;ftp.sra.ebi.ac.uk/vol1/fastq/ERR455/003/ERR4553543/ERR4553543_2.fastq.gz	ITM2007-01725
PRJEB39569	SAMEA7280286	ERX4489914	ERR4553544	1773	Mycobacterium tuberculosis	ILLUMINA	Illumina HiSeq 2500	ftp.sra.ebi.ac.uk/vol1/fastq/ERR455/004/ERR4553544/ERR4553544_1.fastq.gz;ftp.sra.ebi.ac.uk/vol1/fastq/ERR455/004/ERR4553544/ERR4553544_2.fastq.gz	ITM2007-01727
PRJEB39569	SAMEA7280287	ERX4489915	ERR4553545	1773	Mycobacterium tuberculosis	ILLUMINA	Illumina HiSeq 2500	ftp.sra.ebi.ac.uk/vol1/fastq/ERR455/005/ERR4553545/ERR4553545_1.fastq.gz;ftp.sra.ebi.ac.uk/vol1/fastq/ERR455/005/ERR4553545/ERR4553545_2.fastq.gz	ITM2007-01731
PRJEB39569	SAMEA7280288	ERX4489916	ERR4553546	1773	Mycobacterium tuberculosis	ILLUMINA	Illumina HiSeq 2500	ftp.sra.ebi.ac.uk/vol1/fastq/ERR455/006/ERR4553546/ERR4553546_1.fastq.gz;ftp.sra.ebi.ac.uk/vol1/fastq/ERR455/006/ERR4553546/ERR4553546_2.fastq.gz	ITM2007-01737
PRJEB39569	SAMEA7280289	ERX4489917	ERR4553547	1773	Mycobacterium tuberculosis	ILLUMINA	Illumina HiSeq 2500	ftp.sra.ebi.ac.uk/vol1/fastq/ERR455/007/ERR4553547/ERR4553547_1.fastq.gz;ftp.sra.ebi.ac.uk/vol1/fastq/ERR455/007/ERR4553547/ERR4553547_2.fastq.gz	ITM2007-01743
PRJEB39569	SAMEA7280290	ERX4489918	ERR4553548	1773	Mycobacterium tuberculosis	ILLUMINA	Illumina HiSeq 2500	ftp.sra.ebi.ac.uk/vol1/fastq/ERR455/008/ERR4553548/ERR4553548_1.fastq.gz;ftp.sra.ebi.ac.uk/vol1/fastq/ERR455/008/ERR4553548/ERR4553548_2.fastq.gz	ITM2007-01747
PRJEB39569	SAMEA7280291	ERX4489919	ERR4553549	1773	Mycobacterium tuberculosis	ILLUMINA	Illumina HiSeq 2500	ftp.sra.ebi.ac.uk/vol1/fastq/ERR455/009/ERR4553549/ERR4553549_1.fastq.gz;ftp.sra.ebi.ac.uk/vol1/fastq/ERR455/009/ERR4553549/ERR4553549_2.fastq.gz	ITM2007-01767
PRJEB39569	SAMEA7280292	ERX4489920	ERR4553550	1773	Mycobacterium tuberculosis	ILLUMINA	Illumina HiSeq 2500	ftp.sra.ebi.ac.uk/vol1/fastq/ERR455/000/ERR4553550/ERR4553550_1.fastq.gz;ftp.sra.ebi.ac.uk/vol1/fastq/ERR455/000/ERR4553550/ERR4553550_2.fastq.gz	ITM2007-01776
PRJEB39569	SAMEA7280293	ERX4489921	ERR4553551	1773	Mycobacterium tuberculosis	ILLUMINA	Illumina HiSeq 2500	ftp.sra.ebi.ac.uk/vol1/fastq/ERR455/001/ERR4553551/ERR4553551_1.fastq.gz;ftp.sra.ebi.ac.uk/vol1/fastq/ERR455/001/ERR4553551/ERR4553551_2.fastq.gz	ITM2007-01784
PRJEB39569	SAMEA7280294	ERX4489922	ERR4553552	1773	Mycobacterium tuberculosis	ILLUMINA	Illumina HiSeq 2500	ftp.sra.ebi.ac.uk/vol1/fastq/ERR455/002/ERR4553552/ERR4553552_1.fastq.gz;ftp.sra.ebi.ac.uk/vol1/fastq/ERR455/002/ERR4553552/ERR4553552_2.fastq.gz	ITM2007-01828
PRJEB39569	SAMEA7280295	ERX4489923	ERR4553553	1773	Mycobacterium tuberculosis	ILLUMINA	Illumina HiSeq 2500	ftp.sra.ebi.ac.uk/vol1/fastq/ERR455/003/ERR4553553/ERR4553553_1.fastq.gz;ftp.sra.ebi.ac.uk/vol1/fastq/ERR455/003/ERR4553553/ERR4553553_2.fastq.gz	ITM2007-01855
PRJEB39569	SAMEA7280296	ERX4489924	ERR4553554	1773	Mycobacterium tuberculosis	ILLUMINA	Illumina HiSeq 2500	ftp.sra.ebi.ac.uk/vol1/fastq/ERR455/004/ERR4553554/ERR4553554_1.fastq.gz;ftp.sra.ebi.ac.uk/vol1/fastq/ERR455/004/ERR4553554/ERR4553554_2.fastq.gz	ITM2007-01857
PRJEB39569	SAMEA7280297	ERX4489925	ERR4553555	1773	Mycobacterium tuberculosis	ILLUMINA	Illumina HiSeq 2500	ftp.sra.ebi.ac.uk/vol1/fastq/ERR455/005/ERR4553555/ERR4553555_1.fastq.gz;ftp.sra.ebi.ac.uk/vol1/fastq/ERR455/005/ERR4553555/ERR4553555_2.fastq.gz	ITM2007-01868
PRJEB39569	SAMEA7280298	ERX4489926	ERR4553556	1773	Mycobacterium tuberculosis	ILLUMINA	Illumina HiSeq 2500	ftp.sra.ebi.ac.uk/vol1/fastq/ERR455/006/ERR4553556/ERR4553556_1.fastq.gz;ftp.sra.ebi.ac.uk/vol1/fastq/ERR455/006/ERR4553556/ERR4553556_2.fastq.gz	ITM2007-01870
PRJEB39569	SAMEA7280299	ERX4489927	ERR4553557	1773	Mycobacterium tuberculosis	ILLUMINA	Illumina HiSeq 2500	ftp.sra.ebi.ac.uk/vol1/fastq/ERR455/007/ERR4553557/ERR4553557_1.fastq.gz;ftp.sra.ebi.ac.uk/vol1/fastq/ERR455/007/ERR4553557/ERR4553557_2.fastq.gz	ITM2007-01883
PRJEB39569	SAMEA7280300	ERX4489928	ERR4553558	1773	Mycobacterium tuberculosis	ILLUMINA	Illumina HiSeq 2500	ftp.sra.ebi.ac.uk/vol1/fastq/ERR455/008/ERR4553558/ERR4553558_1.fastq.gz;ftp.sra.ebi.ac.uk/vol1/fastq/ERR455/008/ERR4553558/ERR4553558_2.fastq.gz	ITM2007-01890
PRJEB39569	SAMEA7280301	ERX4489929	ERR4553559	1773	Mycobacterium tuberculosis	ILLUMINA	Illumina HiSeq 2500	ftp.sra.ebi.ac.uk/vol1/fastq/ERR455/009/ERR4553559/ERR4553559_1.fastq.gz;ftp.sra.ebi.ac.uk/vol1/fastq/ERR455/009/ERR4553559/ERR4553559_2.fastq.gz	ITM2007-01891
PRJEB39569	SAMEA7280302	ERX4489930	ERR4553560	1773	Mycobacterium tuberculosis	ILLUMINA	Illumina HiSeq 2500	ftp.sra.ebi.ac.uk/vol1/fastq/ERR455/000/ERR4553560/ERR4553560_1.fastq.gz;ftp.sra.ebi.ac.uk/vol1/fastq/ERR455/000/ERR4553560/ERR4553560_2.fastq.gz	ITM2007-01897
PRJEB39569	SAMEA7280303	ERX4489931	ERR4553561	1773	Mycobacterium tuberculosis	ILLUMINA	Illumina HiSeq 2500	ftp.sra.ebi.ac.uk/vol1/fastq/ERR455/001/ERR4553561/ERR4553561_1.fastq.gz;ftp.sra.ebi.ac.uk/vol1/fastq/ERR455/001/ERR4553561/ERR4553561_2.fastq.gz	ITM2007-02197
PRJEB39569	SAMEA7280304	ERX4489932	ERR4553562	1773	Mycobacterium tuberculosis	ILLUMINA	Illumina HiSeq 2500	ftp.sra.ebi.ac.uk/vol1/fastq/ERR455/002/ERR4553562/ERR4553562_1.fastq.gz;ftp.sra.ebi.ac.uk/vol1/fastq/ERR455/002/ERR4553562/ERR4553562_2.fastq.gz	ITM2007-02198
PRJEB39569	SAMEA7280305	ERX4489933	ERR4553563	1773	Mycobacterium tuberculosis	ILLUMINA	Illumina HiSeq 2500	ftp.sra.ebi.ac.uk/vol1/fastq/ERR455/003/ERR4553563/ERR4553563_1.fastq.gz;ftp.sra.ebi.ac.uk/vol1/fastq/ERR455/003/ERR4553563/ERR4553563_2.fastq.gz	ITM2007-02201
PRJEB39569	SAMEA7280306	ERX4489934	ERR4553564	1773	Mycobacterium tuberculosis	ILLUMINA	Illumina HiSeq 2500	ftp.sra.ebi.ac.uk/vol1/fastq/ERR455/004/ERR4553564/ERR4553564_1.fastq.gz;ftp.sra.ebi.ac.uk/vol1/fastq/ERR455/004/ERR4553564/ERR4553564_2.fastq.gz	ITM2007-02214
PRJEB39569	SAMEA7280307	ERX4489935	ERR4553565	1773	Mycobacterium tuberculosis	ILLUMINA	Illumina HiSeq 2500	ftp.sra.ebi.ac.uk/vol1/fastq/ERR455/005/ERR4553565/ERR4553565_1.fastq.gz;ftp.sra.ebi.ac.uk/vol1/fastq/ERR455/005/ERR4553565/ERR4553565_2.fastq.gz	ITM2007-02217
PRJEB39569	SAMEA7280308	ERX4489936	ERR4553566	1773	Mycobacterium tuberculosis	ILLUMINA	Illumina HiSeq 2500	ftp.sra.ebi.ac.uk/vol1/fastq/ERR455/006/ERR4553566/ERR4553566_1.fastq.gz;ftp.sra.ebi.ac.uk/vol1/fastq/ERR455/006/ERR4553566/ERR4553566_2.fastq.gz	ITM2007-02225
PRJEB39569	SAMEA7280309	ERX4489937	ERR4553567	1773	Mycobacterium tuberculosis	ILLUMINA	Illumina HiSeq 2500	ftp.sra.ebi.ac.uk/vol1/fastq/ERR455/007/ERR4553567/ERR4553567_1.fastq.gz;ftp.sra.ebi.ac.uk/vol1/fastq/ERR455/007/ERR4553567/ERR4553567_2.fastq.gz	ITM2007-02228
PRJEB39569	SAMEA7280310	ERX4489938	ERR4553568	1773	Mycobacterium tuberculosis	ILLUMINA	Illumina HiSeq 2500	ftp.sra.ebi.ac.uk/vol1/fastq/ERR455/008/ERR4553568/ERR4553568_1.fastq.gz;ftp.sra.ebi.ac.uk/vol1/fastq/ERR455/008/ERR4553568/ERR4553568_2.fastq.gz	ITM2007-02243
PRJEB39569	SAMEA7280311	ERX4489939	ERR4553569	1773	Mycobacterium tuberculosis	ILLUMINA	Illumina HiSeq 2500	ftp.sra.ebi.ac.uk/vol1/fastq/ERR455/009/ERR4553569/ERR4553569_1.fastq.gz;ftp.sra.ebi.ac.uk/vol1/fastq/ERR455/009/ERR4553569/ERR4553569_2.fastq.gz	ITM2007-02422
PRJEB39569	SAMEA7280312	ERX4489940	ERR4553570	1773	Mycobacterium tuberculosis	ILLUMINA	Illumina HiSeq 2500	ftp.sra.ebi.ac.uk/vol1/fastq/ERR455/000/ERR4553570/ERR4553570_1.fastq.gz;ftp.sra.ebi.ac.uk/vol1/fastq/ERR455/000/ERR4553570/ERR4553570_2.fastq.gz	ITM2007-02423
PRJEB39569	SAMEA7280313	ERX4489941	ERR4553571	1773	Mycobacterium tuberculosis	ILLUMINA	Illumina HiSeq 2500	ftp.sra.ebi.ac.uk/vol1/fastq/ERR455/001/ERR4553571/ERR4553571_1.fastq.gz;ftp.sra.ebi.ac.uk/vol1/fastq/ERR455/001/ERR4553571/ERR4553571_2.fastq.gz	ITM2007-02508
PRJEB39569	SAMEA7280314	ERX4489942	ERR4553572	1773	Mycobacterium tuberculosis	ILLUMINA	Illumina HiSeq 2500	ftp.sra.ebi.ac.uk/vol1/fastq/ERR455/002/ERR4553572/ERR4553572_1.fastq.gz;ftp.sra.ebi.ac.uk/vol1/fastq/ERR455/002/ERR4553572/ERR4553572_2.fastq.gz	ITM2007-02861
PRJEB39569	SAMEA7280315	ERX4489943	ERR4553573	1773	Mycobacterium tuberculosis	ILLUMINA	Illumina HiSeq 2500	ftp.sra.ebi.ac.uk/vol1/fastq/ERR455/003/ERR4553573/ERR4553573_1.fastq.gz;ftp.sra.ebi.ac.uk/vol1/fastq/ERR455/003/ERR4553573/ERR4553573_2.fastq.gz	ITM2007-02874
PRJEB39569	SAMEA7280316	ERX4489944	ERR4553574	1773	Mycobacterium tuberculosis	ILLUMINA	Illumina HiSeq 2500	ftp.sra.ebi.ac.uk/vol1/fastq/ERR455/004/ERR4553574/ERR4553574_1.fastq.gz;ftp.sra.ebi.ac.uk/vol1/fastq/ERR455/004/ERR4553574/ERR4553574_2.fastq.gz	ITM2007-02888
PRJEB39569	SAMEA7280317	ERX4489945	ERR4553575	1773	Mycobacterium tuberculosis	ILLUMINA	Illumina HiSeq 2500	ftp.sra.ebi.ac.uk/vol1/fastq/ERR455/005/ERR4553575/ERR4553575_1.fastq.gz;ftp.sra.ebi.ac.uk/vol1/fastq/ERR455/005/ERR4553575/ERR4553575_2.fastq.gz	ITM2007-02925
PRJEB39569	SAMEA7280318	ERX4489946	ERR4553576	1773	Mycobacterium tuberculosis	ILLUMINA	Illumina HiSeq 2500	ftp.sra.ebi.ac.uk/vol1/fastq/ERR455/006/ERR4553576/ERR4553576_1.fastq.gz;ftp.sra.ebi.ac.uk/vol1/fastq/ERR455/006/ERR4553576/ERR4553576_2.fastq.gz	ITM2007-03097
PRJEB39569	SAMEA7280319	ERX4489947	ERR4553577	1773	Mycobacterium tuberculosis	ILLUMINA	Illumina HiSeq 2500	ftp.sra.ebi.ac.uk/vol1/fastq/ERR455/007/ERR4553577/ERR4553577_1.fastq.gz;ftp.sra.ebi.ac.uk/vol1/fastq/ERR455/007/ERR4553577/ERR4553577_2.fastq.gz	ITM2007-03188
PRJEB39569	SAMEA7280320	ERX4489948	ERR4553578	1773	Mycobacterium tuberculosis	ILLUMINA	Illumina HiSeq 2500	ftp.sra.ebi.ac.uk/vol1/fastq/ERR455/008/ERR4553578/ERR4553578_1.fastq.gz;ftp.sra.ebi.ac.uk/vol1/fastq/ERR455/008/ERR4553578/ERR4553578_2.fastq.gz	ITM2007-03189
PRJEB39569	SAMEA7280321	ERX4489949	ERR4553579	1773	Mycobacterium tuberculosis	ILLUMINA	Illumina HiSeq 2500	ftp.sra.ebi.ac.uk/vol1/fastq/ERR455/009/ERR4553579/ERR4553579_1.fastq.gz;ftp.sra.ebi.ac.uk/vol1/fastq/ERR455/009/ERR4553579/ERR4553579_2.fastq.gz	ITM2007-03258
PRJEB39569	SAMEA7280322	ERX4489950	ERR4553580	1773	Mycobacterium tuberculosis	ILLUMINA	Illumina HiSeq 2500	ftp.sra.ebi.ac.uk/vol1/fastq/ERR455/000/ERR4553580/ERR4553580_1.fastq.gz;ftp.sra.ebi.ac.uk/vol1/fastq/ERR455/000/ERR4553580/ERR4553580_2.fastq.gz	ITM2007-03261
PRJEB39569	SAMEA7280323	ERX4489951	ERR4553581	1773	Mycobacterium tuberculosis	ILLUMINA	Illumina HiSeq 2500	ftp.sra.ebi.ac.uk/vol1/fastq/ERR455/001/ERR4553581/ERR4553581_1.fastq.gz;ftp.sra.ebi.ac.uk/vol1/fastq/ERR455/001/ERR4553581/ERR4553581_2.fastq.gz	ITM2007-03300
PRJEB39569	SAMEA7280324	ERX4489952	ERR4553582	1773	Mycobacterium tuberculosis	ILLUMINA	Illumina HiSeq 2500	ftp.sra.ebi.ac.uk/vol1/fastq/ERR455/002/ERR4553582/ERR4553582_1.fastq.gz;ftp.sra.ebi.ac.uk/vol1/fastq/ERR455/002/ERR4553582/ERR4553582_2.fastq.gz	ITM2007-03311
PRJEB39569	SAMEA7280325	ERX4489953	ERR4553583	1773	Mycobacterium tuberculosis	ILLUMINA	Illumina HiSeq 2500	ftp.sra.ebi.ac.uk/vol1/fastq/ERR455/003/ERR4553583/ERR4553583_1.fastq.gz;ftp.sra.ebi.ac.uk/vol1/fastq/ERR455/003/ERR4553583/ERR4553583_2.fastq.gz	ITM2007-03324
PRJEB39569	SAMEA7280326	ERX4489954	ERR4553584	1773	Mycobacterium tuberculosis	ILLUMINA	Illumina HiSeq 2500	ftp.sra.ebi.ac.uk/vol1/fastq/ERR455/004/ERR4553584/ERR4553584_1.fastq.gz;ftp.sra.ebi.ac.uk/vol1/fastq/ERR455/004/ERR4553584/ERR4553584_2.fastq.gz	ITM2007-03326
PRJEB39569	SAMEA7280327	ERX4489955	ERR4553585	1773	Mycobacterium tuberculosis	ILLUMINA	Illumina HiSeq 2500	ftp.sra.ebi.ac.uk/vol1/fastq/ERR455/005/ERR4553585/ERR4553585_1.fastq.gz;ftp.sra.ebi.ac.uk/vol1/fastq/ERR455/005/ERR4553585/ERR4553585_2.fastq.gz	ITM2007-03332
PRJEB39569	SAMEA7280328	ERX4489956	ERR4553586	1773	Mycobacterium tuberculosis	ILLUMINA	Illumina HiSeq 2500	ftp.sra.ebi.ac.uk/vol1/fastq/ERR455/006/ERR4553586/ERR4553586_1.fastq.gz;ftp.sra.ebi.ac.uk/vol1/fastq/ERR455/006/ERR4553586/ERR4553586_2.fastq.gz	ITM2007-03355
PRJEB39569	SAMEA7280329	ERX4489957	ERR4553587	1773	Mycobacterium tuberculosis	ILLUMINA	Illumina HiSeq 2500	ftp.sra.ebi.ac.uk/vol1/fastq/ERR455/007/ERR4553587/ERR4553587_1.fastq.gz;ftp.sra.ebi.ac.uk/vol1/fastq/ERR455/007/ERR4553587/ERR4553587_2.fastq.gz	ITM2007-03521
PRJEB39569	SAMEA7280330	ERX4489958	ERR4553588	1773	Mycobacterium tuberculosis	ILLUMINA	Illumina HiSeq 2500	ftp.sra.ebi.ac.uk/vol1/fastq/ERR455/008/ERR4553588/ERR4553588_1.fastq.gz;ftp.sra.ebi.ac.uk/vol1/fastq/ERR455/008/ERR4553588/ERR4553588_2.fastq.gz	ITM2007-03560
PRJEB39569	SAMEA7280331	ERX4489959	ERR4553589	1773	Mycobacterium tuberculosis	ILLUMINA	Illumina HiSeq 2500	ftp.sra.ebi.ac.uk/vol1/fastq/ERR455/009/ERR4553589/ERR4553589_1.fastq.gz;ftp.sra.ebi.ac.uk/vol1/fastq/ERR455/009/ERR4553589/ERR4553589_2.fastq.gz	ITM2007-03574
PRJEB39569	SAMEA7280332	ERX4489960	ERR4553590	1773	Mycobacterium tuberculosis	ILLUMINA	Illumina HiSeq 2500	ftp.sra.ebi.ac.uk/vol1/fastq/ERR455/000/ERR4553590/ERR4553590_1.fastq.gz;ftp.sra.ebi.ac.uk/vol1/fastq/ERR455/000/ERR4553590/ERR4553590_2.fastq.gz	ITM2007-03584
PRJEB39569	SAMEA7280333	ERX4489961	ERR4553591	1773	Mycobacterium tuberculosis	ILLUMINA	Illumina HiSeq 2500	ftp.sra.ebi.ac.uk/vol1/fastq/ERR455/001/ERR4553591/ERR4553591_1.fastq.gz;ftp.sra.ebi.ac.uk/vol1/fastq/ERR455/001/ERR4553591/ERR4553591_2.fastq.gz	ITM2007-03592
PRJEB39569	SAMEA7280334	ERX4489962	ERR4553592	1773	Mycobacterium tuberculosis	ILLUMINA	Illumina HiSeq 2500	ftp.sra.ebi.ac.uk/vol1/fastq/ERR455/002/ERR4553592/ERR4553592_1.fastq.gz;ftp.sra.ebi.ac.uk/vol1/fastq/ERR455/002/ERR4553592/ERR4553592_2.fastq.gz	ITM2007-03593
PRJEB39569	SAMEA7280335	ERX4489963	ERR4553593	1773	Mycobacterium tuberculosis	ILLUMINA	Illumina HiSeq 2500	ftp.sra.ebi.ac.uk/vol1/fastq/ERR455/003/ERR4553593/ERR4553593_1.fastq.gz;ftp.sra.ebi.ac.uk/vol1/fastq/ERR455/003/ERR4553593/ERR4553593_2.fastq.gz	ITM2007-03603
PRJEB39569	SAMEA7280336	ERX4489964	ERR4553594	1773	Mycobacterium tuberculosis	ILLUMINA	Illumina HiSeq 2500	ftp.sra.ebi.ac.uk/vol1/fastq/ERR455/004/ERR4553594/ERR4553594_1.fastq.gz;ftp.sra.ebi.ac.uk/vol1/fastq/ERR455/004/ERR4553594/ERR4553594_2.fastq.gz	ITM2007-03621
PRJEB39569	SAMEA7280337	ERX4489965	ERR4553595	1773	Mycobacterium tuberculosis	ILLUMINA	Illumina HiSeq 2500	ftp.sra.ebi.ac.uk/vol1/fastq/ERR455/005/ERR4553595/ERR4553595_1.fastq.gz;ftp.sra.ebi.ac.uk/vol1/fastq/ERR455/005/ERR4553595/ERR4553595_2.fastq.gz	ITM2007-03636
PRJEB39569	SAMEA7280338	ERX4489966	ERR4553596	1773	Mycobacterium tuberculosis	ILLUMINA	Illumina HiSeq 2500	ftp.sra.ebi.ac.uk/vol1/fastq/ERR455/006/ERR4553596/ERR4553596_1.fastq.gz;ftp.sra.ebi.ac.uk/vol1/fastq/ERR455/006/ERR4553596/ERR4553596_2.fastq.gz	ITM2008-00072
PRJEB39569	SAMEA7280339	ERX4489967	ERR4553597	1773	Mycobacterium tuberculosis	ILLUMINA	Illumina HiSeq 2500	ftp.sra.ebi.ac.uk/vol1/fastq/ERR455/007/ERR4553597/ERR4553597_1.fastq.gz;ftp.sra.ebi.ac.uk/vol1/fastq/ERR455/007/ERR4553597/ERR4553597_2.fastq.gz	ITM2008-00131
PRJEB39569	SAMEA7280340	ERX4489968	ERR4553598	1773	Mycobacterium tuberculosis	ILLUMINA	Illumina HiSeq 2500	ftp.sra.ebi.ac.uk/vol1/fastq/ERR455/008/ERR4553598/ERR4553598_1.fastq.gz;ftp.sra.ebi.ac.uk/vol1/fastq/ERR455/008/ERR4553598/ERR4553598_2.fastq.gz	ITM2008-00135
PRJEB39569	SAMEA7280341	ERX4489969	ERR4553599	1773	Mycobacterium tuberculosis	ILLUMINA	Illumina HiSeq 2500	ftp.sra.ebi.ac.uk/vol1/fastq/ERR455/009/ERR4553599/ERR4553599_1.fastq.gz;ftp.sra.ebi.ac.uk/vol1/fastq/ERR455/009/ERR4553599/ERR4553599_2.fastq.gz	ITM2008-00141
PRJEB39569	SAMEA7280342	ERX4489970	ERR4553600	1773	Mycobacterium tuberculosis	ILLUMINA	Illumina HiSeq 2500	ftp.sra.ebi.ac.uk/vol1/fastq/ERR455/000/ERR4553600/ERR4553600_1.fastq.gz;ftp.sra.ebi.ac.uk/vol1/fastq/ERR455/000/ERR4553600/ERR4553600_2.fastq.gz	ITM2008-00142
PRJEB39569	SAMEA7280343	ERX4489971	ERR4553601	1773	Mycobacterium tuberculosis	ILLUMINA	Illumina HiSeq 2500	ftp.sra.ebi.ac.uk/vol1/fastq/ERR455/001/ERR4553601/ERR4553601_1.fastq.gz;ftp.sra.ebi.ac.uk/vol1/fastq/ERR455/001/ERR4553601/ERR4553601_2.fastq.gz	ITM2008-00207
PRJEB39569	SAMEA7280344	ERX4489972	ERR4553602	1773	Mycobacterium tuberculosis	ILLUMINA	Illumina HiSeq 2500	ftp.sra.ebi.ac.uk/vol1/fastq/ERR455/002/ERR4553602/ERR4553602_1.fastq.gz;ftp.sra.ebi.ac.uk/vol1/fastq/ERR455/002/ERR4553602/ERR4553602_2.fastq.gz	ITM2008-00210
PRJEB39569	SAMEA7280345	ERX4489973	ERR4553603	1773	Mycobacterium tuberculosis	ILLUMINA	Illumina HiSeq 2500	ftp.sra.ebi.ac.uk/vol1/fastq/ERR455/003/ERR4553603/ERR4553603_1.fastq.gz;ftp.sra.ebi.ac.uk/vol1/fastq/ERR455/003/ERR4553603/ERR4553603_2.fastq.gz	ITM2008-00217
PRJEB39569	SAMEA7280346	ERX4489974	ERR4553604	1773	Mycobacterium tuberculosis	ILLUMINA	Illumina HiSeq 2500	ftp.sra.ebi.ac.uk/vol1/fastq/ERR455/004/ERR4553604/ERR4553604_1.fastq.gz;ftp.sra.ebi.ac.uk/vol1/fastq/ERR455/004/ERR4553604/ERR4553604_2.fastq.gz	ITM2008-00219
PRJEB39569	SAMEA7280347	ERX4489975	ERR4553605	1773	Mycobacterium tuberculosis	ILLUMINA	Illumina HiSeq 2500	ftp.sra.ebi.ac.uk/vol1/fastq/ERR455/005/ERR4553605/ERR4553605_1.fastq.gz;ftp.sra.ebi.ac.uk/vol1/fastq/ERR455/005/ERR4553605/ERR4553605_2.fastq.gz	ITM2008-00243
PRJEB39569	SAMEA7280348	ERX4489976	ERR4553606	1773	Mycobacterium tuberculosis	ILLUMINA	Illumina HiSeq 2500	ftp.sra.ebi.ac.uk/vol1/fastq/ERR455/006/ERR4553606/ERR4553606_1.fastq.gz;ftp.sra.ebi.ac.uk/vol1/fastq/ERR455/006/ERR4553606/ERR4553606_2.fastq.gz	ITM2008-00247
PRJEB39569	SAMEA7280349	ERX4489977	ERR4553607	1773	Mycobacterium tuberculosis	ILLUMINA	Illumina HiSeq 2500	ftp.sra.ebi.ac.uk/vol1/fastq/ERR455/007/ERR4553607/ERR4553607_1.fastq.gz;ftp.sra.ebi.ac.uk/vol1/fastq/ERR455/007/ERR4553607/ERR4553607_2.fastq.gz	ITM2008-00255
PRJEB39569	SAMEA7280350	ERX4489978	ERR4553608	1773	Mycobacterium tuberculosis	ILLUMINA	Illumina HiSeq 2500	ftp.sra.ebi.ac.uk/vol1/fastq/ERR455/008/ERR4553608/ERR4553608_1.fastq.gz;ftp.sra.ebi.ac.uk/vol1/fastq/ERR455/008/ERR4553608/ERR4553608_2.fastq.gz	ITM2008-00281
PRJEB39569	SAMEA7280351	ERX4489979	ERR4553609	1773	Mycobacterium tuberculosis	ILLUMINA	Illumina HiSeq 2500	ftp.sra.ebi.ac.uk/vol1/fastq/ERR455/009/ERR4553609/ERR4553609_1.fastq.gz;ftp.sra.ebi.ac.uk/vol1/fastq/ERR455/009/ERR4553609/ERR4553609_2.fastq.gz	ITM2008-00647
PRJEB39569	SAMEA7280352	ERX4489980	ERR4553610	1773	Mycobacterium tuberculosis	ILLUMINA	Illumina HiSeq 2500	ftp.sra.ebi.ac.uk/vol1/fastq/ERR455/000/ERR4553610/ERR4553610_1.fastq.gz;ftp.sra.ebi.ac.uk/vol1/fastq/ERR455/000/ERR4553610/ERR4553610_2.fastq.gz	ITM2008-00665
PRJEB39569	SAMEA7280353	ERX4489981	ERR4553611	1773	Mycobacterium tuberculosis	ILLUMINA	Illumina HiSeq 2500	ftp.sra.ebi.ac.uk/vol1/fastq/ERR455/001/ERR4553611/ERR4553611_1.fastq.gz;ftp.sra.ebi.ac.uk/vol1/fastq/ERR455/001/ERR4553611/ERR4553611_2.fastq.gz	ITM2008-00678
PRJEB39569	SAMEA7280354	ERX4489982	ERR4553612	1773	Mycobacterium tuberculosis	ILLUMINA	Illumina HiSeq 2500	ftp.sra.ebi.ac.uk/vol1/fastq/ERR455/002/ERR4553612/ERR4553612_1.fastq.gz;ftp.sra.ebi.ac.uk/vol1/fastq/ERR455/002/ERR4553612/ERR4553612_2.fastq.gz	ITM2008-00688
PRJEB39569	SAMEA7280355	ERX4489983	ERR4553613	1773	Mycobacterium tuberculosis	ILLUMINA	Illumina HiSeq 2500	ftp.sra.ebi.ac.uk/vol1/fastq/ERR455/003/ERR4553613/ERR4553613_1.fastq.gz;ftp.sra.ebi.ac.uk/vol1/fastq/ERR455/003/ERR4553613/ERR4553613_2.fastq.gz	ITM2008-00695
PRJEB39569	SAMEA7280356	ERX4489984	ERR4553614	1773	Mycobacterium tuberculosis	ILLUMINA	Illumina HiSeq 2500	ftp.sra.ebi.ac.uk/vol1/fastq/ERR455/004/ERR4553614/ERR4553614_1.fastq.gz;ftp.sra.ebi.ac.uk/vol1/fastq/ERR455/004/ERR4553614/ERR4553614_2.fastq.gz	ITM2008-01041
PRJEB39569	SAMEA7280357	ERX4489985	ERR4553615	1773	Mycobacterium tuberculosis	ILLUMINA	Illumina HiSeq 2500	ftp.sra.ebi.ac.uk/vol1/fastq/ERR455/005/ERR4553615/ERR4553615_1.fastq.gz;ftp.sra.ebi.ac.uk/vol1/fastq/ERR455/005/ERR4553615/ERR4553615_2.fastq.gz	ITM2008-01048
PRJEB39569	SAMEA7280358	ERX4489986	ERR4553616	1773	Mycobacterium tuberculosis	ILLUMINA	Illumina HiSeq 2500	ftp.sra.ebi.ac.uk/vol1/fastq/ERR455/006/ERR4553616/ERR4553616_1.fastq.gz;ftp.sra.ebi.ac.uk/vol1/fastq/ERR455/006/ERR4553616/ERR4553616_2.fastq.gz	ITM2008-01305
PRJEB39569	SAMEA7280359	ERX4489987	ERR4553617	1773	Mycobacterium tuberculosis	ILLUMINA	Illumina HiSeq 2500	ftp.sra.ebi.ac.uk/vol1/fastq/ERR455/007/ERR4553617/ERR4553617_1.fastq.gz;ftp.sra.ebi.ac.uk/vol1/fastq/ERR455/007/ERR4553617/ERR4553617_2.fastq.gz	ITM2008-01307
PRJEB39569	SAMEA7280360	ERX4489988	ERR4553618	1773	Mycobacterium tuberculosis	ILLUMINA	Illumina HiSeq 2500	ftp.sra.ebi.ac.uk/vol1/fastq/ERR455/008/ERR4553618/ERR4553618_1.fastq.gz;ftp.sra.ebi.ac.uk/vol1/fastq/ERR455/008/ERR4553618/ERR4553618_2.fastq.gz	ITM2008-01314
PRJEB39569	SAMEA7280361	ERX4489989	ERR4553619	1773	Mycobacterium tuberculosis	ILLUMINA	Illumina HiSeq 2500	ftp.sra.ebi.ac.uk/vol1/fastq/ERR455/009/ERR4553619/ERR4553619_1.fastq.gz;ftp.sra.ebi.ac.uk/vol1/fastq/ERR455/009/ERR4553619/ERR4553619_2.fastq.gz	ITM2008-01317
PRJEB39569	SAMEA7280362	ERX4489990	ERR4553620	1773	Mycobacterium tuberculosis	ILLUMINA	Illumina HiSeq 2500	ftp.sra.ebi.ac.uk/vol1/fastq/ERR455/000/ERR4553620/ERR4553620_1.fastq.gz;ftp.sra.ebi.ac.uk/vol1/fastq/ERR455/000/ERR4553620/ERR4553620_2.fastq.gz	ITM2008-01320
PRJEB39569	SAMEA7280363	ERX4489991	ERR4553621	1773	Mycobacterium tuberculosis	ILLUMINA	Illumina HiSeq 2500	ftp.sra.ebi.ac.uk/vol1/fastq/ERR455/001/ERR4553621/ERR4553621_1.fastq.gz;ftp.sra.ebi.ac.uk/vol1/fastq/ERR455/001/ERR4553621/ERR4553621_2.fastq.gz	ITM2008-01331
PRJEB39569	SAMEA7280364	ERX4489992	ERR4553622	1773	Mycobacterium tuberculosis	ILLUMINA	Illumina HiSeq 2500	ftp.sra.ebi.ac.uk/vol1/fastq/ERR455/002/ERR4553622/ERR4553622_1.fastq.gz;ftp.sra.ebi.ac.uk/vol1/fastq/ERR455/002/ERR4553622/ERR4553622_2.fastq.gz	ITM2008-01544
PRJEB39569	SAMEA7280365	ERX4489993	ERR4553623	1773	Mycobacterium tuberculosis	ILLUMINA	Illumina HiSeq 2500	ftp.sra.ebi.ac.uk/vol1/fastq/ERR455/003/ERR4553623/ERR4553623_1.fastq.gz;ftp.sra.ebi.ac.uk/vol1/fastq/ERR455/003/ERR4553623/ERR4553623_2.fastq.gz	ITM2008-01547
PRJEB39569	SAMEA7280366	ERX4489994	ERR4553624	1773	Mycobacterium tuberculosis	ILLUMINA	Illumina HiSeq 2500	ftp.sra.ebi.ac.uk/vol1/fastq/ERR455/004/ERR4553624/ERR4553624_1.fastq.gz;ftp.sra.ebi.ac.uk/vol1/fastq/ERR455/004/ERR4553624/ERR4553624_2.fastq.gz	ITM2008-01710
PRJEB39569	SAMEA7280367	ERX4489995	ERR4553625	1773	Mycobacterium tuberculosis	ILLUMINA	Illumina HiSeq 2500	ftp.sra.ebi.ac.uk/vol1/fastq/ERR455/005/ERR4553625/ERR4553625_1.fastq.gz;ftp.sra.ebi.ac.uk/vol1/fastq/ERR455/005/ERR4553625/ERR4553625_2.fastq.gz	ITM2008-01714
PRJEB39569	SAMEA7280368	ERX4489996	ERR4553626	1773	Mycobacterium tuberculosis	ILLUMINA	Illumina HiSeq 2500	ftp.sra.ebi.ac.uk/vol1/fastq/ERR455/006/ERR4553626/ERR4553626_1.fastq.gz;ftp.sra.ebi.ac.uk/vol1/fastq/ERR455/006/ERR4553626/ERR4553626_2.fastq.gz	ITM2008-01717
PRJEB39569	SAMEA7280369	ERX4489997	ERR4553627	1773	Mycobacterium tuberculosis	ILLUMINA	Illumina HiSeq 2500	ftp.sra.ebi.ac.uk/vol1/fastq/ERR455/007/ERR4553627/ERR4553627_1.fastq.gz;ftp.sra.ebi.ac.uk/vol1/fastq/ERR455/007/ERR4553627/ERR4553627_2.fastq.gz	ITM2008-01770
PRJEB39569	SAMEA7280370	ERX4489998	ERR4553628	1773	Mycobacterium tuberculosis	ILLUMINA	Illumina HiSeq 2500	ftp.sra.ebi.ac.uk/vol1/fastq/ERR455/008/ERR4553628/ERR4553628_1.fastq.gz;ftp.sra.ebi.ac.uk/vol1/fastq/ERR455/008/ERR4553628/ERR4553628_2.fastq.gz	ITM2008-01773
PRJEB39569	SAMEA7280371	ERX4489999	ERR4553629	1773	Mycobacterium tuberculosis	ILLUMINA	Illumina HiSeq 2500	ftp.sra.ebi.ac.uk/vol1/fastq/ERR455/009/ERR4553629/ERR4553629_1.fastq.gz;ftp.sra.ebi.ac.uk/vol1/fastq/ERR455/009/ERR4553629/ERR4553629_2.fastq.gz	ITM2008-01778
PRJEB39569	SAMEA7280372	ERX4490000	ERR4553630	1773	Mycobacterium tuberculosis	ILLUMINA	Illumina HiSeq 2500	ftp.sra.ebi.ac.uk/vol1/fastq/ERR455/000/ERR4553630/ERR4553630_1.fastq.gz;ftp.sra.ebi.ac.uk/vol1/fastq/ERR455/000/ERR4553630/ERR4553630_2.fastq.gz	ITM2008-01779
PRJEB39569	SAMEA7280373	ERX4490001	ERR4553631	1773	Mycobacterium tuberculosis	ILLUMINA	Illumina HiSeq 2500	ftp.sra.ebi.ac.uk/vol1/fastq/ERR455/001/ERR4553631/ERR4553631_1.fastq.gz;ftp.sra.ebi.ac.uk/vol1/fastq/ERR455/001/ERR4553631/ERR4553631_2.fastq.gz	ITM2008-01807
PRJEB39569	SAMEA7280374	ERX4490002	ERR4553632	1773	Mycobacterium tuberculosis	ILLUMINA	Illumina HiSeq 2500	ftp.sra.ebi.ac.uk/vol1/fastq/ERR455/002/ERR4553632/ERR4553632_1.fastq.gz;ftp.sra.ebi.ac.uk/vol1/fastq/ERR455/002/ERR4553632/ERR4553632_2.fastq.gz	ITM2008-01811
PRJEB39569	SAMEA7280375	ERX4490003	ERR4553633	1773	Mycobacterium tuberculosis	ILLUMINA	Illumina HiSeq 2500	ftp.sra.ebi.ac.uk/vol1/fastq/ERR455/003/ERR4553633/ERR4553633_1.fastq.gz;ftp.sra.ebi.ac.uk/vol1/fastq/ERR455/003/ERR4553633/ERR4553633_2.fastq.gz	ITM2008-01822
PRJEB39569	SAMEA7280376	ERX4490004	ERR4553634	1773	Mycobacterium tuberculosis	ILLUMINA	Illumina HiSeq 2500	ftp.sra.ebi.ac.uk/vol1/fastq/ERR455/004/ERR4553634/ERR4553634_1.fastq.gz;ftp.sra.ebi.ac.uk/vol1/fastq/ERR455/004/ERR4553634/ERR4553634_2.fastq.gz	ITM2008-02030
PRJEB39569	SAMEA7280377	ERX4490005	ERR4553635	1773	Mycobacterium tuberculosis	ILLUMINA	Illumina HiSeq 2500	ftp.sra.ebi.ac.uk/vol1/fastq/ERR455/005/ERR4553635/ERR4553635_1.fastq.gz;ftp.sra.ebi.ac.uk/vol1/fastq/ERR455/005/ERR4553635/ERR4553635_2.fastq.gz	ITM2008-02031
PRJEB39569	SAMEA7280378	ERX4490006	ERR4553636	1773	Mycobacterium tuberculosis	ILLUMINA	Illumina HiSeq 2500	ftp.sra.ebi.ac.uk/vol1/fastq/ERR455/006/ERR4553636/ERR4553636_1.fastq.gz;ftp.sra.ebi.ac.uk/vol1/fastq/ERR455/006/ERR4553636/ERR4553636_2.fastq.gz	ITM2008-02050
PRJEB39569	SAMEA7280379	ERX4490007	ERR4553637	1773	Mycobacterium tuberculosis	ILLUMINA	Illumina HiSeq 2500	ftp.sra.ebi.ac.uk/vol1/fastq/ERR455/007/ERR4553637/ERR4553637_1.fastq.gz;ftp.sra.ebi.ac.uk/vol1/fastq/ERR455/007/ERR4553637/ERR4553637_2.fastq.gz	ITM2008-02051
PRJEB39569	SAMEA7280380	ERX4490008	ERR4553638	1773	Mycobacterium tuberculosis	ILLUMINA	Illumina HiSeq 2500	ftp.sra.ebi.ac.uk/vol1/fastq/ERR455/008/ERR4553638/ERR4553638_1.fastq.gz;ftp.sra.ebi.ac.uk/vol1/fastq/ERR455/008/ERR4553638/ERR4553638_2.fastq.gz	ITM2008-02054
PRJEB39569	SAMEA7280381	ERX4490009	ERR4553639	1773	Mycobacterium tuberculosis	ILLUMINA	Illumina HiSeq 2500	ftp.sra.ebi.ac.uk/vol1/fastq/ERR455/009/ERR4553639/ERR4553639_1.fastq.gz;ftp.sra.ebi.ac.uk/vol1/fastq/ERR455/009/ERR4553639/ERR4553639_2.fastq.gz	ITM2008-02377
PRJEB39569	SAMEA7280382	ERX4490010	ERR4553640	1773	Mycobacterium tuberculosis	ILLUMINA	Illumina HiSeq 2500	ftp.sra.ebi.ac.uk/vol1/fastq/ERR455/000/ERR4553640/ERR4553640_1.fastq.gz;ftp.sra.ebi.ac.uk/vol1/fastq/ERR455/000/ERR4553640/ERR4553640_2.fastq.gz	ITM2008-02380
PRJEB39569	SAMEA7280383	ERX4490011	ERR4553641	1773	Mycobacterium tuberculosis	ILLUMINA	Illumina HiSeq 2500	ftp.sra.ebi.ac.uk/vol1/fastq/ERR455/001/ERR4553641/ERR4553641_1.fastq.gz;ftp.sra.ebi.ac.uk/vol1/fastq/ERR455/001/ERR4553641/ERR4553641_2.fastq.gz	ITM2008-02385
PRJEB39569	SAMEA7280384	ERX4490012	ERR4553642	1773	Mycobacterium tuberculosis	ILLUMINA	Illumina HiSeq 2500	ftp.sra.ebi.ac.uk/vol1/fastq/ERR455/002/ERR4553642/ERR4553642_1.fastq.gz;ftp.sra.ebi.ac.uk/vol1/fastq/ERR455/002/ERR4553642/ERR4553642_2.fastq.gz	ITM2008-02412
PRJEB39569	SAMEA7280385	ERX4490013	ERR4553643	1773	Mycobacterium tuberculosis	ILLUMINA	Illumina HiSeq 2500	ftp.sra.ebi.ac.uk/vol1/fastq/ERR455/003/ERR4553643/ERR4553643_1.fastq.gz;ftp.sra.ebi.ac.uk/vol1/fastq/ERR455/003/ERR4553643/ERR4553643_2.fastq.gz	ITM2008-02737
PRJEB39569	SAMEA7280386	ERX4490014	ERR4553644	1773	Mycobacterium tuberculosis	ILLUMINA	Illumina HiSeq 2500	ftp.sra.ebi.ac.uk/vol1/fastq/ERR455/004/ERR4553644/ERR4553644_1.fastq.gz;ftp.sra.ebi.ac.uk/vol1/fastq/ERR455/004/ERR4553644/ERR4553644_2.fastq.gz	ITM2008-02742
PRJEB39569	SAMEA7280387	ERX4490015	ERR4553645	1773	Mycobacterium tuberculosis	ILLUMINA	Illumina HiSeq 2500	ftp.sra.ebi.ac.uk/vol1/fastq/ERR455/005/ERR4553645/ERR4553645_1.fastq.gz;ftp.sra.ebi.ac.uk/vol1/fastq/ERR455/005/ERR4553645/ERR4553645_2.fastq.gz	ITM2008-02753
PRJEB39569	SAMEA7280388	ERX4490016	ERR4553646	1773	Mycobacterium tuberculosis	ILLUMINA	Illumina HiSeq 2500	ftp.sra.ebi.ac.uk/vol1/fastq/ERR455/006/ERR4553646/ERR4553646_1.fastq.gz;ftp.sra.ebi.ac.uk/vol1/fastq/ERR455/006/ERR4553646/ERR4553646_2.fastq.gz	ITM2008-02755
PRJEB39569	SAMEA7280389	ERX4490017	ERR4553647	1773	Mycobacterium tuberculosis	ILLUMINA	Illumina HiSeq 2500	ftp.sra.ebi.ac.uk/vol1/fastq/ERR455/007/ERR4553647/ERR4553647_1.fastq.gz;ftp.sra.ebi.ac.uk/vol1/fastq/ERR455/007/ERR4553647/ERR4553647_2.fastq.gz	ITM2008-03082
PRJEB39569	SAMEA7280390	ERX4490018	ERR4553648	1773	Mycobacterium tuberculosis	ILLUMINA	Illumina HiSeq 2500	ftp.sra.ebi.ac.uk/vol1/fastq/ERR455/008/ERR4553648/ERR4553648_1.fastq.gz;ftp.sra.ebi.ac.uk/vol1/fastq/ERR455/008/ERR4553648/ERR4553648_2.fastq.gz	ITM2008-03103
PRJEB39569	SAMEA7280391	ERX4490019	ERR4553649	1773	Mycobacterium tuberculosis	ILLUMINA	Illumina HiSeq 2500	ftp.sra.ebi.ac.uk/vol1/fastq/ERR455/009/ERR4553649/ERR4553649_1.fastq.gz;ftp.sra.ebi.ac.uk/vol1/fastq/ERR455/009/ERR4553649/ERR4553649_2.fastq.gz	ITM2008-03113
PRJEB39569	SAMEA7280392	ERX4490020	ERR4553650	1773	Mycobacterium tuberculosis	ILLUMINA	Illumina HiSeq 2500	ftp.sra.ebi.ac.uk/vol1/fastq/ERR455/000/ERR4553650/ERR4553650_1.fastq.gz;ftp.sra.ebi.ac.uk/vol1/fastq/ERR455/000/ERR4553650/ERR4553650_2.fastq.gz	ITM2008-03114
PRJEB39569	SAMEA7280393	ERX4490021	ERR4553651	1773	Mycobacterium tuberculosis	ILLUMINA	Illumina HiSeq 2500	ftp.sra.ebi.ac.uk/vol1/fastq/ERR455/001/ERR4553651/ERR4553651_1.fastq.gz;ftp.sra.ebi.ac.uk/vol1/fastq/ERR455/001/ERR4553651/ERR4553651_2.fastq.gz	ITM2008-03120
PRJEB39569	SAMEA7280394	ERX4490022	ERR4553652	1773	Mycobacterium tuberculosis	ILLUMINA	Illumina HiSeq 2500	ftp.sra.ebi.ac.uk/vol1/fastq/ERR455/002/ERR4553652/ERR4553652_1.fastq.gz;ftp.sra.ebi.ac.uk/vol1/fastq/ERR455/002/ERR4553652/ERR4553652_2.fastq.gz	ITM2008-03131
PRJEB39569	SAMEA7280395	ERX4490023	ERR4553653	1773	Mycobacterium tuberculosis	ILLUMINA	Illumina HiSeq 2500	ftp.sra.ebi.ac.uk/vol1/fastq/ERR455/003/ERR4553653/ERR4553653_1.fastq.gz;ftp.sra.ebi.ac.uk/vol1/fastq/ERR455/003/ERR4553653/ERR4553653_2.fastq.gz	ITM2008-03135
PRJEB39569	SAMEA7280396	ERX4490024	ERR4553654	1773	Mycobacterium tuberculosis	ILLUMINA	Illumina HiSeq 2500	ftp.sra.ebi.ac.uk/vol1/fastq/ERR455/004/ERR4553654/ERR4553654_1.fastq.gz;ftp.sra.ebi.ac.uk/vol1/fastq/ERR455/004/ERR4553654/ERR4553654_2.fastq.gz	ITM2008-03145
PRJEB39569	SAMEA7280397	ERX4490025	ERR4553655	1773	Mycobacterium tuberculosis	ILLUMINA	Illumina HiSeq 2500	ftp.sra.ebi.ac.uk/vol1/fastq/ERR455/005/ERR4553655/ERR4553655_1.fastq.gz;ftp.sra.ebi.ac.uk/vol1/fastq/ERR455/005/ERR4553655/ERR4553655_2.fastq.gz	ITM2008-03147
PRJEB39569	SAMEA7280398	ERX4490026	ERR4553656	1773	Mycobacterium tuberculosis	ILLUMINA	Illumina HiSeq 2500	ftp.sra.ebi.ac.uk/vol1/fastq/ERR455/006/ERR4553656/ERR4553656_1.fastq.gz;ftp.sra.ebi.ac.uk/vol1/fastq/ERR455/006/ERR4553656/ERR4553656_2.fastq.gz	ITM2008-03148
PRJEB39569	SAMEA7280399	ERX4490027	ERR4553657	1773	Mycobacterium tuberculosis	ILLUMINA	Illumina HiSeq 2500	ftp.sra.ebi.ac.uk/vol1/fastq/ERR455/007/ERR4553657/ERR4553657_1.fastq.gz;ftp.sra.ebi.ac.uk/vol1/fastq/ERR455/007/ERR4553657/ERR4553657_2.fastq.gz	ITM2008-03342
PRJEB39569	SAMEA7280400	ERX4490028	ERR4553658	1773	Mycobacterium tuberculosis	ILLUMINA	Illumina HiSeq 2500	ftp.sra.ebi.ac.uk/vol1/fastq/ERR455/008/ERR4553658/ERR4553658_1.fastq.gz;ftp.sra.ebi.ac.uk/vol1/fastq/ERR455/008/ERR4553658/ERR4553658_2.fastq.gz	ITM2008-03352
PRJEB39569	SAMEA7280401	ERX4490029	ERR4553659	1773	Mycobacterium tuberculosis	ILLUMINA	Illumina HiSeq 2500	ftp.sra.ebi.ac.uk/vol1/fastq/ERR455/009/ERR4553659/ERR4553659_1.fastq.gz;ftp.sra.ebi.ac.uk/vol1/fastq/ERR455/009/ERR4553659/ERR4553659_2.fastq.gz	ITM2008-03358
PRJEB39569	SAMEA7280402	ERX4490030	ERR4553660	1773	Mycobacterium tuberculosis	ILLUMINA	Illumina HiSeq 2500	ftp.sra.ebi.ac.uk/vol1/fastq/ERR455/000/ERR4553660/ERR4553660_1.fastq.gz;ftp.sra.ebi.ac.uk/vol1/fastq/ERR455/000/ERR4553660/ERR4553660_2.fastq.gz	ITM2008-03362
PRJEB39569	SAMEA7280403	ERX4490031	ERR4553661	1773	Mycobacterium tuberculosis	ILLUMINA	Illumina HiSeq 2500	ftp.sra.ebi.ac.uk/vol1/fastq/ERR455/001/ERR4553661/ERR4553661_1.fastq.gz;ftp.sra.ebi.ac.uk/vol1/fastq/ERR455/001/ERR4553661/ERR4553661_2.fastq.gz	ITM2008-03704
PRJEB39569	SAMEA7280404	ERX4490032	ERR4553662	1773	Mycobacterium tuberculosis	ILLUMINA	Illumina HiSeq 2500	ftp.sra.ebi.ac.uk/vol1/fastq/ERR455/002/ERR4553662/ERR4553662_1.fastq.gz;ftp.sra.ebi.ac.uk/vol1/fastq/ERR455/002/ERR4553662/ERR4553662_2.fastq.gz	ITM2008-04042
PRJEB39569	SAMEA7280405	ERX4490033	ERR4553663	1773	Mycobacterium tuberculosis	ILLUMINA	Illumina HiSeq 2500	ftp.sra.ebi.ac.uk/vol1/fastq/ERR455/003/ERR4553663/ERR4553663_1.fastq.gz;ftp.sra.ebi.ac.uk/vol1/fastq/ERR455/003/ERR4553663/ERR4553663_2.fastq.gz	ITM2008-04048
PRJEB39569	SAMEA7280406	ERX4490034	ERR4553664	1773	Mycobacterium tuberculosis	ILLUMINA	Illumina HiSeq 2500	ftp.sra.ebi.ac.uk/vol1/fastq/ERR455/004/ERR4553664/ERR4553664_1.fastq.gz;ftp.sra.ebi.ac.uk/vol1/fastq/ERR455/004/ERR4553664/ERR4553664_2.fastq.gz	ITM2008-04050
PRJEB39569	SAMEA7280407	ERX4490035	ERR4553665	1773	Mycobacterium tuberculosis	ILLUMINA	Illumina HiSeq 2500	ftp.sra.ebi.ac.uk/vol1/fastq/ERR455/005/ERR4553665/ERR4553665_1.fastq.gz;ftp.sra.ebi.ac.uk/vol1/fastq/ERR455/005/ERR4553665/ERR4553665_2.fastq.gz	ITM2008-04057
PRJEB39569	SAMEA7280408	ERX4490036	ERR4553666	1773	Mycobacterium tuberculosis	ILLUMINA	Illumina HiSeq 2500	ftp.sra.ebi.ac.uk/vol1/fastq/ERR455/006/ERR4553666/ERR4553666_1.fastq.gz;ftp.sra.ebi.ac.uk/vol1/fastq/ERR455/006/ERR4553666/ERR4553666_2.fastq.gz	ITM2008-04059
PRJEB39569	SAMEA7280409	ERX4490037	ERR4553667	1773	Mycobacterium tuberculosis	ILLUMINA	Illumina HiSeq 2500	ftp.sra.ebi.ac.uk/vol1/fastq/ERR455/007/ERR4553667/ERR4553667_1.fastq.gz;ftp.sra.ebi.ac.uk/vol1/fastq/ERR455/007/ERR4553667/ERR4553667_2.fastq.gz	ITM2008-04071
PRJEB39569	SAMEA7280410	ERX4490038	ERR4553668	1773	Mycobacterium tuberculosis	ILLUMINA	Illumina HiSeq 2500	ftp.sra.ebi.ac.uk/vol1/fastq/ERR455/008/ERR4553668/ERR4553668_1.fastq.gz;ftp.sra.ebi.ac.uk/vol1/fastq/ERR455/008/ERR4553668/ERR4553668_2.fastq.gz	ITM2008-04090
PRJEB39569	SAMEA7280411	ERX4490039	ERR4553669	1773	Mycobacterium tuberculosis	ILLUMINA	Illumina HiSeq 2500	ftp.sra.ebi.ac.uk/vol1/fastq/ERR455/009/ERR4553669/ERR4553669_1.fastq.gz;ftp.sra.ebi.ac.uk/vol1/fastq/ERR455/009/ERR4553669/ERR4553669_2.fastq.gz	ITM2008-04099
PRJEB39569	SAMEA7280412	ERX4490040	ERR4553670	1773	Mycobacterium tuberculosis	ILLUMINA	Illumina HiSeq 2500	ftp.sra.ebi.ac.uk/vol1/fastq/ERR455/000/ERR4553670/ERR4553670_1.fastq.gz;ftp.sra.ebi.ac.uk/vol1/fastq/ERR455/000/ERR4553670/ERR4553670_2.fastq.gz	ITM2008-04276
PRJEB39569	SAMEA7280413	ERX4490041	ERR4553671	1773	Mycobacterium tuberculosis	ILLUMINA	Illumina HiSeq 2500	ftp.sra.ebi.ac.uk/vol1/fastq/ERR455/001/ERR4553671/ERR4553671_1.fastq.gz;ftp.sra.ebi.ac.uk/vol1/fastq/ERR455/001/ERR4553671/ERR4553671_2.fastq.gz	ITM2008-04282
PRJEB39569	SAMEA7280414	ERX4490042	ERR4553672	1773	Mycobacterium tuberculosis	ILLUMINA	Illumina HiSeq 2500	ftp.sra.ebi.ac.uk/vol1/fastq/ERR455/002/ERR4553672/ERR4553672_1.fastq.gz;ftp.sra.ebi.ac.uk/vol1/fastq/ERR455/002/ERR4553672/ERR4553672_2.fastq.gz	ITM2008-04284
PRJEB39569	SAMEA7280415	ERX4490043	ERR4553673	1773	Mycobacterium tuberculosis	ILLUMINA	Illumina HiSeq 2500	ftp.sra.ebi.ac.uk/vol1/fastq/ERR455/003/ERR4553673/ERR4553673_1.fastq.gz;ftp.sra.ebi.ac.uk/vol1/fastq/ERR455/003/ERR4553673/ERR4553673_2.fastq.gz	ITM2008-04297
PRJEB39569	SAMEA7280416	ERX4490044	ERR4553674	1773	Mycobacterium tuberculosis	ILLUMINA	Illumina HiSeq 2500	ftp.sra.ebi.ac.uk/vol1/fastq/ERR455/004/ERR4553674/ERR4553674_1.fastq.gz;ftp.sra.ebi.ac.uk/vol1/fastq/ERR455/004/ERR4553674/ERR4553674_2.fastq.gz	ITM2008-04298
PRJEB39569	SAMEA7280417	ERX4490045	ERR4553675	1773	Mycobacterium tuberculosis	ILLUMINA	Illumina HiSeq 2500	ftp.sra.ebi.ac.uk/vol1/fastq/ERR455/005/ERR4553675/ERR4553675_1.fastq.gz;ftp.sra.ebi.ac.uk/vol1/fastq/ERR455/005/ERR4553675/ERR4553675_2.fastq.gz	ITM2008-04299
PRJEB39569	SAMEA7280418	ERX4490046	ERR4553676	1773	Mycobacterium tuberculosis	ILLUMINA	Illumina HiSeq 2500	ftp.sra.ebi.ac.uk/vol1/fastq/ERR455/006/ERR4553676/ERR4553676_1.fastq.gz;ftp.sra.ebi.ac.uk/vol1/fastq/ERR455/006/ERR4553676/ERR4553676_2.fastq.gz	ITM2008-04310
PRJEB39569	SAMEA7280419	ERX4490047	ERR4553677	1773	Mycobacterium tuberculosis	ILLUMINA	Illumina HiSeq 2500	ftp.sra.ebi.ac.uk/vol1/fastq/ERR455/007/ERR4553677/ERR4553677_1.fastq.gz;ftp.sra.ebi.ac.uk/vol1/fastq/ERR455/007/ERR4553677/ERR4553677_2.fastq.gz	ITM2008-04316
PRJEB39569	SAMEA7280420	ERX4490048	ERR4553678	1773	Mycobacterium tuberculosis	ILLUMINA	Illumina HiSeq 2500	ftp.sra.ebi.ac.uk/vol1/fastq/ERR455/008/ERR4553678/ERR4553678_1.fastq.gz;ftp.sra.ebi.ac.uk/vol1/fastq/ERR455/008/ERR4553678/ERR4553678_2.fastq.gz	ITM2008-04322
PRJEB39569	SAMEA7280421	ERX4490049	ERR4553679	1773	Mycobacterium tuberculosis	ILLUMINA	Illumina HiSeq 2500	ftp.sra.ebi.ac.uk/vol1/fastq/ERR455/009/ERR4553679/ERR4553679_1.fastq.gz;ftp.sra.ebi.ac.uk/vol1/fastq/ERR455/009/ERR4553679/ERR4553679_2.fastq.gz	ITM2008-04336
PRJEB39569	SAMEA7280422	ERX4490050	ERR4553680	1773	Mycobacterium tuberculosis	ILLUMINA	Illumina HiSeq 2500	ftp.sra.ebi.ac.uk/vol1/fastq/ERR455/000/ERR4553680/ERR4553680_1.fastq.gz;ftp.sra.ebi.ac.uk/vol1/fastq/ERR455/000/ERR4553680/ERR4553680_2.fastq.gz	ITM2009-00101
PRJEB39569	SAMEA7280423	ERX4490051	ERR4553681	1773	Mycobacterium tuberculosis	ILLUMINA	Illumina HiSeq 2500	ftp.sra.ebi.ac.uk/vol1/fastq/ERR455/001/ERR4553681/ERR4553681_1.fastq.gz;ftp.sra.ebi.ac.uk/vol1/fastq/ERR455/001/ERR4553681/ERR4553681_2.fastq.gz	ITM2009-00102
PRJEB39569	SAMEA7280424	ERX4490052	ERR4553682	1773	Mycobacterium tuberculosis	ILLUMINA	Illumina HiSeq 2500	ftp.sra.ebi.ac.uk/vol1/fastq/ERR455/002/ERR4553682/ERR4553682_1.fastq.gz;ftp.sra.ebi.ac.uk/vol1/fastq/ERR455/002/ERR4553682/ERR4553682_2.fastq.gz	ITM2009-00113
PRJEB39569	SAMEA7280425	ERX4490053	ERR4553683	1773	Mycobacterium tuberculosis	ILLUMINA	Illumina HiSeq 2500	ftp.sra.ebi.ac.uk/vol1/fastq/ERR455/003/ERR4553683/ERR4553683_1.fastq.gz;ftp.sra.ebi.ac.uk/vol1/fastq/ERR455/003/ERR4553683/ERR4553683_2.fastq.gz	ITM2009-00497
PRJEB39569	SAMEA7280426	ERX4490054	ERR4553684	1773	Mycobacterium tuberculosis	ILLUMINA	Illumina HiSeq 2500	ftp.sra.ebi.ac.uk/vol1/fastq/ERR455/004/ERR4553684/ERR4553684_1.fastq.gz;ftp.sra.ebi.ac.uk/vol1/fastq/ERR455/004/ERR4553684/ERR4553684_2.fastq.gz	ITM2009-00523
PRJEB39569	SAMEA7280427	ERX4490055	ERR4553685	1773	Mycobacterium tuberculosis	ILLUMINA	Illumina HiSeq 2500	ftp.sra.ebi.ac.uk/vol1/fastq/ERR455/005/ERR4553685/ERR4553685_1.fastq.gz;ftp.sra.ebi.ac.uk/vol1/fastq/ERR455/005/ERR4553685/ERR4553685_2.fastq.gz	ITM2009-00548
PRJEB39569	SAMEA7280428	ERX4490056	ERR4553686	1773	Mycobacterium tuberculosis	ILLUMINA	Illumina HiSeq 2500	ftp.sra.ebi.ac.uk/vol1/fastq/ERR455/006/ERR4553686/ERR4553686_1.fastq.gz;ftp.sra.ebi.ac.uk/vol1/fastq/ERR455/006/ERR4553686/ERR4553686_2.fastq.gz	ITM2009-00549
PRJEB39569	SAMEA7280429	ERX4490057	ERR4553687	1773	Mycobacterium tuberculosis	ILLUMINA	Illumina HiSeq 2500	ftp.sra.ebi.ac.uk/vol1/fastq/ERR455/007/ERR4553687/ERR4553687_1.fastq.gz;ftp.sra.ebi.ac.uk/vol1/fastq/ERR455/007/ERR4553687/ERR4553687_2.fastq.gz	ITM2009-00602
PRJEB39569	SAMEA7280430	ERX4490058	ERR4553688	1773	Mycobacterium tuberculosis	ILLUMINA	Illumina HiSeq 2500	ftp.sra.ebi.ac.uk/vol1/fastq/ERR455/008/ERR4553688/ERR4553688_1.fastq.gz;ftp.sra.ebi.ac.uk/vol1/fastq/ERR455/008/ERR4553688/ERR4553688_2.fastq.gz	ITM2009-00604
PRJEB39569	SAMEA7280431	ERX4490059	ERR4553689	1773	Mycobacterium tuberculosis	ILLUMINA	Illumina HiSeq 2500	ftp.sra.ebi.ac.uk/vol1/fastq/ERR455/009/ERR4553689/ERR4553689_1.fastq.gz;ftp.sra.ebi.ac.uk/vol1/fastq/ERR455/009/ERR4553689/ERR4553689_2.fastq.gz	ITM2009-00798
PRJEB39569	SAMEA7280432	ERX4490060	ERR4553690	1773	Mycobacterium tuberculosis	ILLUMINA	Illumina HiSeq 2500	ftp.sra.ebi.ac.uk/vol1/fastq/ERR455/000/ERR4553690/ERR4553690_1.fastq.gz;ftp.sra.ebi.ac.uk/vol1/fastq/ERR455/000/ERR4553690/ERR4553690_2.fastq.gz	ITM2009-00804
PRJEB39569	SAMEA7280433	ERX4490061	ERR4553691	1773	Mycobacterium tuberculosis	ILLUMINA	Illumina HiSeq 2500	ftp.sra.ebi.ac.uk/vol1/fastq/ERR455/001/ERR4553691/ERR4553691_1.fastq.gz;ftp.sra.ebi.ac.uk/vol1/fastq/ERR455/001/ERR4553691/ERR4553691_2.fastq.gz	ITM2009-00814
PRJEB39569	SAMEA7280434	ERX4490062	ERR4553692	1773	Mycobacterium tuberculosis	ILLUMINA	Illumina HiSeq 2500	ftp.sra.ebi.ac.uk/vol1/fastq/ERR455/002/ERR4553692/ERR4553692_1.fastq.gz;ftp.sra.ebi.ac.uk/vol1/fastq/ERR455/002/ERR4553692/ERR4553692_2.fastq.gz	ITM2009-00815
PRJEB39569	SAMEA7280435	ERX4490063	ERR4553693	1773	Mycobacterium tuberculosis	ILLUMINA	Illumina HiSeq 2500	ftp.sra.ebi.ac.uk/vol1/fastq/ERR455/003/ERR4553693/ERR4553693_1.fastq.gz;ftp.sra.ebi.ac.uk/vol1/fastq/ERR455/003/ERR4553693/ERR4553693_2.fastq.gz	ITM2009-00820
PRJEB39569	SAMEA7280436	ERX4490064	ERR4553694	1773	Mycobacterium tuberculosis	ILLUMINA	Illumina HiSeq 2500	ftp.sra.ebi.ac.uk/vol1/fastq/ERR455/004/ERR4553694/ERR4553694_1.fastq.gz;ftp.sra.ebi.ac.uk/vol1/fastq/ERR455/004/ERR4553694/ERR4553694_2.fastq.gz	ITM2009-01126
PRJEB39569	SAMEA7280437	ERX4490065	ERR4553695	1773	Mycobacterium tuberculosis	ILLUMINA	Illumina HiSeq 2500	ftp.sra.ebi.ac.uk/vol1/fastq/ERR455/005/ERR4553695/ERR4553695_1.fastq.gz;ftp.sra.ebi.ac.uk/vol1/fastq/ERR455/005/ERR4553695/ERR4553695_2.fastq.gz	ITM2009-01130
PRJEB39569	SAMEA7280438	ERX4490066	ERR4553696	1773	Mycobacterium tuberculosis	ILLUMINA	Illumina HiSeq 2500	ftp.sra.ebi.ac.uk/vol1/fastq/ERR455/006/ERR4553696/ERR4553696_1.fastq.gz;ftp.sra.ebi.ac.uk/vol1/fastq/ERR455/006/ERR4553696/ERR4553696_2.fastq.gz	ITM2009-01137
PRJEB39569	SAMEA7280439	ERX4490067	ERR4553697	1773	Mycobacterium tuberculosis	ILLUMINA	Illumina HiSeq 2500	ftp.sra.ebi.ac.uk/vol1/fastq/ERR455/007/ERR4553697/ERR4553697_1.fastq.gz;ftp.sra.ebi.ac.uk/vol1/fastq/ERR455/007/ERR4553697/ERR4553697_2.fastq.gz	ITM2009-01140
PRJEB39569	SAMEA7280440	ERX4490068	ERR4553698	1773	Mycobacterium tuberculosis	ILLUMINA	Illumina HiSeq 2500	ftp.sra.ebi.ac.uk/vol1/fastq/ERR455/008/ERR4553698/ERR4553698_1.fastq.gz;ftp.sra.ebi.ac.uk/vol1/fastq/ERR455/008/ERR4553698/ERR4553698_2.fastq.gz	ITM2009-01144
PRJEB39569	SAMEA7280441	ERX4490069	ERR4553699	1773	Mycobacterium tuberculosis	ILLUMINA	Illumina HiSeq 2500	ftp.sra.ebi.ac.uk/vol1/fastq/ERR455/009/ERR4553699/ERR4553699_1.fastq.gz;ftp.sra.ebi.ac.uk/vol1/fastq/ERR455/009/ERR4553699/ERR4553699_2.fastq.gz	ITM2009-01711
PRJEB39569	SAMEA7280442	ERX4490070	ERR4553700	1773	Mycobacterium tuberculosis	ILLUMINA	Illumina HiSeq 2500	ftp.sra.ebi.ac.uk/vol1/fastq/ERR455/000/ERR4553700/ERR4553700_1.fastq.gz;ftp.sra.ebi.ac.uk/vol1/fastq/ERR455/000/ERR4553700/ERR4553700_2.fastq.gz	ITM2009-01712
PRJEB39569	SAMEA7280443	ERX4490071	ERR4553701	1773	Mycobacterium tuberculosis	ILLUMINA	Illumina HiSeq 2500	ftp.sra.ebi.ac.uk/vol1/fastq/ERR455/001/ERR4553701/ERR4553701_1.fastq.gz;ftp.sra.ebi.ac.uk/vol1/fastq/ERR455/001/ERR4553701/ERR4553701_2.fastq.gz	ITM2009-01716
PRJEB39569	SAMEA7280444	ERX4490072	ERR4553702	1773	Mycobacterium tuberculosis	ILLUMINA	Illumina HiSeq 2500	ftp.sra.ebi.ac.uk/vol1/fastq/ERR455/002/ERR4553702/ERR4553702_1.fastq.gz;ftp.sra.ebi.ac.uk/vol1/fastq/ERR455/002/ERR4553702/ERR4553702_2.fastq.gz	ITM2009-01724
PRJEB39569	SAMEA7280445	ERX4490073	ERR4553703	1773	Mycobacterium tuberculosis	ILLUMINA	Illumina HiSeq 2500	ftp.sra.ebi.ac.uk/vol1/fastq/ERR455/003/ERR4553703/ERR4553703_1.fastq.gz;ftp.sra.ebi.ac.uk/vol1/fastq/ERR455/003/ERR4553703/ERR4553703_2.fastq.gz	ITM2009-01725
PRJEB39569	SAMEA7280446	ERX4490074	ERR4553704	1773	Mycobacterium tuberculosis	ILLUMINA	Illumina HiSeq 2500	ftp.sra.ebi.ac.uk/vol1/fastq/ERR455/004/ERR4553704/ERR4553704_1.fastq.gz;ftp.sra.ebi.ac.uk/vol1/fastq/ERR455/004/ERR4553704/ERR4553704_2.fastq.gz	ITM2009-01726
PRJEB39569	SAMEA7280447	ERX4490075	ERR4553705	1773	Mycobacterium tuberculosis	ILLUMINA	Illumina HiSeq 2500	ftp.sra.ebi.ac.uk/vol1/fastq/ERR455/005/ERR4553705/ERR4553705_1.fastq.gz;ftp.sra.ebi.ac.uk/vol1/fastq/ERR455/005/ERR4553705/ERR4553705_2.fastq.gz	ITM2009-01727
PRJEB39569	SAMEA7280448	ERX4490076	ERR4553706	1773	Mycobacterium tuberculosis	ILLUMINA	Illumina HiSeq 2500	ftp.sra.ebi.ac.uk/vol1/fastq/ERR455/006/ERR4553706/ERR4553706_1.fastq.gz;ftp.sra.ebi.ac.uk/vol1/fastq/ERR455/006/ERR4553706/ERR4553706_2.fastq.gz	ITM2009-01739
PRJEB39569	SAMEA7280449	ERX4490077	ERR4553707	1773	Mycobacterium tuberculosis	ILLUMINA	Illumina HiSeq 2500	ftp.sra.ebi.ac.uk/vol1/fastq/ERR455/007/ERR4553707/ERR4553707_1.fastq.gz;ftp.sra.ebi.ac.uk/vol1/fastq/ERR455/007/ERR4553707/ERR4553707_2.fastq.gz	ITM2009-01967
PRJEB39569	SAMEA7280450	ERX4490078	ERR4553708	1773	Mycobacterium tuberculosis	ILLUMINA	Illumina HiSeq 2500	ftp.sra.ebi.ac.uk/vol1/fastq/ERR455/008/ERR4553708/ERR4553708_1.fastq.gz;ftp.sra.ebi.ac.uk/vol1/fastq/ERR455/008/ERR4553708/ERR4553708_2.fastq.gz	ITM2009-01969
PRJEB39569	SAMEA7280451	ERX4490079	ERR4553709	1773	Mycobacterium tuberculosis	ILLUMINA	Illumina HiSeq 2500	ftp.sra.ebi.ac.uk/vol1/fastq/ERR455/009/ERR4553709/ERR4553709_1.fastq.gz;ftp.sra.ebi.ac.uk/vol1/fastq/ERR455/009/ERR4553709/ERR4553709_2.fastq.gz	ITM2009-01970
PRJEB39569	SAMEA7280452	ERX4490080	ERR4553710	1773	Mycobacterium tuberculosis	ILLUMINA	Illumina HiSeq 2500	ftp.sra.ebi.ac.uk/vol1/fastq/ERR455/000/ERR4553710/ERR4553710_1.fastq.gz;ftp.sra.ebi.ac.uk/vol1/fastq/ERR455/000/ERR4553710/ERR4553710_2.fastq.gz	ITM2009-01980
PRJEB39569	SAMEA7280453	ERX4490081	ERR4553711	1773	Mycobacterium tuberculosis	ILLUMINA	Illumina HiSeq 2500	ftp.sra.ebi.ac.uk/vol1/fastq/ERR455/001/ERR4553711/ERR4553711_1.fastq.gz;ftp.sra.ebi.ac.uk/vol1/fastq/ERR455/001/ERR4553711/ERR4553711_2.fastq.gz	ITM2009-01987
PRJEB39569	SAMEA7280454	ERX4490082	ERR4553712	1773	Mycobacterium tuberculosis	ILLUMINA	Illumina HiSeq 2500	ftp.sra.ebi.ac.uk/vol1/fastq/ERR455/002/ERR4553712/ERR4553712_1.fastq.gz;ftp.sra.ebi.ac.uk/vol1/fastq/ERR455/002/ERR4553712/ERR4553712_2.fastq.gz	ITM2009-01995
PRJEB39569	SAMEA7280455	ERX4490083	ERR4553713	1773	Mycobacterium tuberculosis	ILLUMINA	Illumina HiSeq 2500	ftp.sra.ebi.ac.uk/vol1/fastq/ERR455/003/ERR4553713/ERR4553713_1.fastq.gz;ftp.sra.ebi.ac.uk/vol1/fastq/ERR455/003/ERR4553713/ERR4553713_2.fastq.gz	ITM2009-02009
PRJEB39569	SAMEA7280456	ERX4490084	ERR4553714	1773	Mycobacterium tuberculosis	ILLUMINA	Illumina HiSeq 2500	ftp.sra.ebi.ac.uk/vol1/fastq/ERR455/004/ERR4553714/ERR4553714_1.fastq.gz;ftp.sra.ebi.ac.uk/vol1/fastq/ERR455/004/ERR4553714/ERR4553714_2.fastq.gz	ITM2009-02014
PRJEB39569	SAMEA7280457	ERX4490085	ERR4553715	1773	Mycobacterium tuberculosis	ILLUMINA	Illumina HiSeq 2500	ftp.sra.ebi.ac.uk/vol1/fastq/ERR455/005/ERR4553715/ERR4553715_1.fastq.gz;ftp.sra.ebi.ac.uk/vol1/fastq/ERR455/005/ERR4553715/ERR4553715_2.fastq.gz	ITM2009-02024
PRJEB39569	SAMEA7280458	ERX4490086	ERR4553716	1773	Mycobacterium tuberculosis	ILLUMINA	Illumina HiSeq 2500	ftp.sra.ebi.ac.uk/vol1/fastq/ERR455/006/ERR4553716/ERR4553716_1.fastq.gz;ftp.sra.ebi.ac.uk/vol1/fastq/ERR455/006/ERR4553716/ERR4553716_2.fastq.gz	ITM2009-02025
PRJEB39569	SAMEA7280459	ERX4490087	ERR4553717	1773	Mycobacterium tuberculosis	ILLUMINA	Illumina HiSeq 2500	ftp.sra.ebi.ac.uk/vol1/fastq/ERR455/007/ERR4553717/ERR4553717_1.fastq.gz;ftp.sra.ebi.ac.uk/vol1/fastq/ERR455/007/ERR4553717/ERR4553717_2.fastq.gz	ITM2009-02032
PRJEB39569	SAMEA7280460	ERX4490088	ERR4553718	1773	Mycobacterium tuberculosis	ILLUMINA	Illumina HiSeq 2500	ftp.sra.ebi.ac.uk/vol1/fastq/ERR455/008/ERR4553718/ERR4553718_1.fastq.gz;ftp.sra.ebi.ac.uk/vol1/fastq/ERR455/008/ERR4553718/ERR4553718_2.fastq.gz	ITM2009-02311
PRJEB39569	SAMEA7280461	ERX4490089	ERR4553719	1773	Mycobacterium tuberculosis	ILLUMINA	Illumina HiSeq 2500	ftp.sra.ebi.ac.uk/vol1/fastq/ERR455/009/ERR4553719/ERR4553719_1.fastq.gz;ftp.sra.ebi.ac.uk/vol1/fastq/ERR455/009/ERR4553719/ERR4553719_2.fastq.gz	ITM2009-02314
PRJEB39569	SAMEA7280462	ERX4490090	ERR4553720	1773	Mycobacterium tuberculosis	ILLUMINA	Illumina HiSeq 2500	ftp.sra.ebi.ac.uk/vol1/fastq/ERR455/000/ERR4553720/ERR4553720_1.fastq.gz;ftp.sra.ebi.ac.uk/vol1/fastq/ERR455/000/ERR4553720/ERR4553720_2.fastq.gz	ITM2009-02315
PRJEB39569	SAMEA7280463	ERX4490091	ERR4553721	1773	Mycobacterium tuberculosis	ILLUMINA	Illumina HiSeq 2500	ftp.sra.ebi.ac.uk/vol1/fastq/ERR455/001/ERR4553721/ERR4553721_1.fastq.gz;ftp.sra.ebi.ac.uk/vol1/fastq/ERR455/001/ERR4553721/ERR4553721_2.fastq.gz	ITM2009-02319
PRJEB39569	SAMEA7280464	ERX4490092	ERR4553722	1773	Mycobacterium tuberculosis	ILLUMINA	Illumina HiSeq 2500	ftp.sra.ebi.ac.uk/vol1/fastq/ERR455/002/ERR4553722/ERR4553722_1.fastq.gz;ftp.sra.ebi.ac.uk/vol1/fastq/ERR455/002/ERR4553722/ERR4553722_2.fastq.gz	ITM2009-02325
PRJEB39569	SAMEA7280465	ERX4490093	ERR4553723	1773	Mycobacterium tuberculosis	ILLUMINA	Illumina HiSeq 2500	ftp.sra.ebi.ac.uk/vol1/fastq/ERR455/003/ERR4553723/ERR4553723_1.fastq.gz;ftp.sra.ebi.ac.uk/vol1/fastq/ERR455/003/ERR4553723/ERR4553723_2.fastq.gz	ITM2009-02330
PRJEB39569	SAMEA7280466	ERX4490094	ERR4553724	1773	Mycobacterium tuberculosis	ILLUMINA	Illumina HiSeq 2500	ftp.sra.ebi.ac.uk/vol1/fastq/ERR455/004/ERR4553724/ERR4553724_1.fastq.gz;ftp.sra.ebi.ac.uk/vol1/fastq/ERR455/004/ERR4553724/ERR4553724_2.fastq.gz	ITM2009-02333
PRJEB39569	SAMEA7280467	ERX4490095	ERR4553725	1773	Mycobacterium tuberculosis	ILLUMINA	Illumina HiSeq 2500	ftp.sra.ebi.ac.uk/vol1/fastq/ERR455/005/ERR4553725/ERR4553725_1.fastq.gz;ftp.sra.ebi.ac.uk/vol1/fastq/ERR455/005/ERR4553725/ERR4553725_2.fastq.gz	ITM2009-02334
PRJEB39569	SAMEA7280468	ERX4490096	ERR4553726	1773	Mycobacterium tuberculosis	ILLUMINA	Illumina HiSeq 2500	ftp.sra.ebi.ac.uk/vol1/fastq/ERR455/006/ERR4553726/ERR4553726_1.fastq.gz;ftp.sra.ebi.ac.uk/vol1/fastq/ERR455/006/ERR4553726/ERR4553726_2.fastq.gz	ITM2009-02336
PRJEB39569	SAMEA7280469	ERX4490097	ERR4553727	1773	Mycobacterium tuberculosis	ILLUMINA	Illumina HiSeq 2500	ftp.sra.ebi.ac.uk/vol1/fastq/ERR455/007/ERR4553727/ERR4553727_1.fastq.gz;ftp.sra.ebi.ac.uk/vol1/fastq/ERR455/007/ERR4553727/ERR4553727_2.fastq.gz	ITM2009-02340
PRJEB39569	SAMEA7280470	ERX4490098	ERR4553728	1773	Mycobacterium tuberculosis	ILLUMINA	Illumina HiSeq 2500	ftp.sra.ebi.ac.uk/vol1/fastq/ERR455/008/ERR4553728/ERR4553728_1.fastq.gz;ftp.sra.ebi.ac.uk/vol1/fastq/ERR455/008/ERR4553728/ERR4553728_2.fastq.gz	ITM2009-02346
PRJEB39569	SAMEA7280471	ERX4490099	ERR4553729	1773	Mycobacterium tuberculosis	ILLUMINA	Illumina HiSeq 2500	ftp.sra.ebi.ac.uk/vol1/fastq/ERR455/009/ERR4553729/ERR4553729_1.fastq.gz;ftp.sra.ebi.ac.uk/vol1/fastq/ERR455/009/ERR4553729/ERR4553729_2.fastq.gz	ITM2009-02361
PRJEB39569	SAMEA7280472	ERX4490100	ERR4553730	1773	Mycobacterium tuberculosis	ILLUMINA	Illumina HiSeq 2500	ftp.sra.ebi.ac.uk/vol1/fastq/ERR455/000/ERR4553730/ERR4553730_1.fastq.gz;ftp.sra.ebi.ac.uk/vol1/fastq/ERR455/000/ERR4553730/ERR4553730_2.fastq.gz	ITM2009-02577
PRJEB39569	SAMEA7280473	ERX4490101	ERR4553731	1773	Mycobacterium tuberculosis	ILLUMINA	Illumina HiSeq 2500	ftp.sra.ebi.ac.uk/vol1/fastq/ERR455/001/ERR4553731/ERR4553731_1.fastq.gz;ftp.sra.ebi.ac.uk/vol1/fastq/ERR455/001/ERR4553731/ERR4553731_2.fastq.gz	ITM2009-02580
PRJEB39569	SAMEA7280474	ERX4490102	ERR4553732	1773	Mycobacterium tuberculosis	ILLUMINA	Illumina HiSeq 2500	ftp.sra.ebi.ac.uk/vol1/fastq/ERR455/002/ERR4553732/ERR4553732_1.fastq.gz;ftp.sra.ebi.ac.uk/vol1/fastq/ERR455/002/ERR4553732/ERR4553732_2.fastq.gz	ITM2009-02581
PRJEB39569	SAMEA7280475	ERX4490103	ERR4553733	1773	Mycobacterium tuberculosis	ILLUMINA	Illumina HiSeq 2500	ftp.sra.ebi.ac.uk/vol1/fastq/ERR455/003/ERR4553733/ERR4553733_1.fastq.gz;ftp.sra.ebi.ac.uk/vol1/fastq/ERR455/003/ERR4553733/ERR4553733_2.fastq.gz	ITM2009-02592
PRJEB39569	SAMEA7280476	ERX4490104	ERR4553734	1773	Mycobacterium tuberculosis	ILLUMINA	Illumina HiSeq 2500	ftp.sra.ebi.ac.uk/vol1/fastq/ERR455/004/ERR4553734/ERR4553734_1.fastq.gz;ftp.sra.ebi.ac.uk/vol1/fastq/ERR455/004/ERR4553734/ERR4553734_2.fastq.gz	ITM2009-02594
PRJEB39569	SAMEA7280477	ERX4490105	ERR4553735	1773	Mycobacterium tuberculosis	ILLUMINA	Illumina HiSeq 2500	ftp.sra.ebi.ac.uk/vol1/fastq/ERR455/005/ERR4553735/ERR4553735_1.fastq.gz;ftp.sra.ebi.ac.uk/vol1/fastq/ERR455/005/ERR4553735/ERR4553735_2.fastq.gz	ITM2009-02595
PRJEB39569	SAMEA7280478	ERX4490106	ERR4553736	1773	Mycobacterium tuberculosis	ILLUMINA	Illumina HiSeq 2500	ftp.sra.ebi.ac.uk/vol1/fastq/ERR455/006/ERR4553736/ERR4553736_1.fastq.gz;ftp.sra.ebi.ac.uk/vol1/fastq/ERR455/006/ERR4553736/ERR4553736_2.fastq.gz	ITM2009-02609
PRJEB39569	SAMEA7280479	ERX4490107	ERR4553737	1773	Mycobacterium tuberculosis	ILLUMINA	Illumina HiSeq 2500	ftp.sra.ebi.ac.uk/vol1/fastq/ERR455/007/ERR4553737/ERR4553737_1.fastq.gz;ftp.sra.ebi.ac.uk/vol1/fastq/ERR455/007/ERR4553737/ERR4553737_2.fastq.gz	ITM2009-02618
PRJEB39569	SAMEA7280480	ERX4490108	ERR4553738	1773	Mycobacterium tuberculosis	ILLUMINA	Illumina HiSeq 2500	ftp.sra.ebi.ac.uk/vol1/fastq/ERR455/008/ERR4553738/ERR4553738_1.fastq.gz;ftp.sra.ebi.ac.uk/vol1/fastq/ERR455/008/ERR4553738/ERR4553738_2.fastq.gz	ITM2009-03234
PRJEB39569	SAMEA7280481	ERX4490109	ERR4553739	1773	Mycobacterium tuberculosis	ILLUMINA	Illumina HiSeq 2500	ftp.sra.ebi.ac.uk/vol1/fastq/ERR455/009/ERR4553739/ERR4553739_1.fastq.gz;ftp.sra.ebi.ac.uk/vol1/fastq/ERR455/009/ERR4553739/ERR4553739_2.fastq.gz	ITM2009-03251
PRJEB39569	SAMEA7280482	ERX4490110	ERR4553740	1773	Mycobacterium tuberculosis	ILLUMINA	Illumina HiSeq 2500	ftp.sra.ebi.ac.uk/vol1/fastq/ERR455/000/ERR4553740/ERR4553740_1.fastq.gz;ftp.sra.ebi.ac.uk/vol1/fastq/ERR455/000/ERR4553740/ERR4553740_2.fastq.gz	ITM2009-03254
PRJEB39569	SAMEA7280483	ERX4490111	ERR4553741	1773	Mycobacterium tuberculosis	ILLUMINA	Illumina HiSeq 2500	ftp.sra.ebi.ac.uk/vol1/fastq/ERR455/001/ERR4553741/ERR4553741_1.fastq.gz;ftp.sra.ebi.ac.uk/vol1/fastq/ERR455/001/ERR4553741/ERR4553741_2.fastq.gz	ITM2009-03255
PRJEB39569	SAMEA7280484	ERX4490112	ERR4553742	1773	Mycobacterium tuberculosis	ILLUMINA	Illumina HiSeq 2500	ftp.sra.ebi.ac.uk/vol1/fastq/ERR455/002/ERR4553742/ERR4553742_1.fastq.gz;ftp.sra.ebi.ac.uk/vol1/fastq/ERR455/002/ERR4553742/ERR4553742_2.fastq.gz	ITM2009-03258
PRJEB39569	SAMEA7280485	ERX4490113	ERR4553743	1773	Mycobacterium tuberculosis	ILLUMINA	Illumina HiSeq 2500	ftp.sra.ebi.ac.uk/vol1/fastq/ERR455/003/ERR4553743/ERR4553743_1.fastq.gz;ftp.sra.ebi.ac.uk/vol1/fastq/ERR455/003/ERR4553743/ERR4553743_2.fastq.gz	ITM2009-03262
PRJEB39569	SAMEA7280486	ERX4490114	ERR4553744	1773	Mycobacterium tuberculosis	ILLUMINA	Illumina HiSeq 2500	ftp.sra.ebi.ac.uk/vol1/fastq/ERR455/004/ERR4553744/ERR4553744_1.fastq.gz;ftp.sra.ebi.ac.uk/vol1/fastq/ERR455/004/ERR4553744/ERR4553744_2.fastq.gz	ITM2009-03268
PRJEB39569	SAMEA7280487	ERX4490115	ERR4553745	1773	Mycobacterium tuberculosis	ILLUMINA	Illumina HiSeq 2500	ftp.sra.ebi.ac.uk/vol1/fastq/ERR455/005/ERR4553745/ERR4553745_1.fastq.gz;ftp.sra.ebi.ac.uk/vol1/fastq/ERR455/005/ERR4553745/ERR4553745_2.fastq.gz	ITM2009-03293
PRJEB39569	SAMEA7280488	ERX4490116	ERR4553746	1773	Mycobacterium tuberculosis	ILLUMINA	Illumina HiSeq 2500	ftp.sra.ebi.ac.uk/vol1/fastq/ERR455/006/ERR4553746/ERR4553746_1.fastq.gz;ftp.sra.ebi.ac.uk/vol1/fastq/ERR455/006/ERR4553746/ERR4553746_2.fastq.gz	ITM2009-03558
PRJEB39569	SAMEA7280489	ERX4490117	ERR4553747	1773	Mycobacterium tuberculosis	ILLUMINA	Illumina HiSeq 2500	ftp.sra.ebi.ac.uk/vol1/fastq/ERR455/007/ERR4553747/ERR4553747_1.fastq.gz;ftp.sra.ebi.ac.uk/vol1/fastq/ERR455/007/ERR4553747/ERR4553747_2.fastq.gz	ITM2009-03573
PRJEB39569	SAMEA7280490	ERX4490118	ERR4553748	1773	Mycobacterium tuberculosis	ILLUMINA	Illumina HiSeq 2500	ftp.sra.ebi.ac.uk/vol1/fastq/ERR455/008/ERR4553748/ERR4553748_1.fastq.gz;ftp.sra.ebi.ac.uk/vol1/fastq/ERR455/008/ERR4553748/ERR4553748_2.fastq.gz	ITM2009-03746
PRJEB39569	SAMEA7280491	ERX4490119	ERR4553749	1773	Mycobacterium tuberculosis	ILLUMINA	Illumina HiSeq 2500	ftp.sra.ebi.ac.uk/vol1/fastq/ERR455/009/ERR4553749/ERR4553749_1.fastq.gz;ftp.sra.ebi.ac.uk/vol1/fastq/ERR455/009/ERR4553749/ERR4553749_2.fastq.gz	ITM2009-03757
PRJEB39569	SAMEA7280492	ERX4490120	ERR4553750	1773	Mycobacterium tuberculosis	ILLUMINA	Illumina HiSeq 2500	ftp.sra.ebi.ac.uk/vol1/fastq/ERR455/000/ERR4553750/ERR4553750_1.fastq.gz;ftp.sra.ebi.ac.uk/vol1/fastq/ERR455/000/ERR4553750/ERR4553750_2.fastq.gz	ITM2009-03758
PRJEB39569	SAMEA7280493	ERX4490121	ERR4553751	1773	Mycobacterium tuberculosis	ILLUMINA	Illumina HiSeq 2500	ftp.sra.ebi.ac.uk/vol1/fastq/ERR455/001/ERR4553751/ERR4553751_1.fastq.gz;ftp.sra.ebi.ac.uk/vol1/fastq/ERR455/001/ERR4553751/ERR4553751_2.fastq.gz	ITM2009-03761
PRJEB39569	SAMEA7280494	ERX4490122	ERR4553752	1773	Mycobacterium tuberculosis	ILLUMINA	Illumina HiSeq 2500	ftp.sra.ebi.ac.uk/vol1/fastq/ERR455/002/ERR4553752/ERR4553752_1.fastq.gz;ftp.sra.ebi.ac.uk/vol1/fastq/ERR455/002/ERR4553752/ERR4553752_2.fastq.gz	ITM2009-03763
PRJEB39569	SAMEA7280495	ERX4490123	ERR4553753	1773	Mycobacterium tuberculosis	ILLUMINA	Illumina HiSeq 2500	ftp.sra.ebi.ac.uk/vol1/fastq/ERR455/003/ERR4553753/ERR4553753_1.fastq.gz;ftp.sra.ebi.ac.uk/vol1/fastq/ERR455/003/ERR4553753/ERR4553753_2.fastq.gz	ITM2009-03770
PRJEB39569	SAMEA7280496	ERX4490124	ERR4553754	1773	Mycobacterium tuberculosis	ILLUMINA	Illumina HiSeq 2500	ftp.sra.ebi.ac.uk/vol1/fastq/ERR455/004/ERR4553754/ERR4553754_1.fastq.gz;ftp.sra.ebi.ac.uk/vol1/fastq/ERR455/004/ERR4553754/ERR4553754_2.fastq.gz	ITM2009-03773
PRJEB39569	SAMEA7280497	ERX4490125	ERR4553755	1773	Mycobacterium tuberculosis	ILLUMINA	Illumina HiSeq 2500	ftp.sra.ebi.ac.uk/vol1/fastq/ERR455/005/ERR4553755/ERR4553755_1.fastq.gz;ftp.sra.ebi.ac.uk/vol1/fastq/ERR455/005/ERR4553755/ERR4553755_2.fastq.gz	ITM2010-00227
PRJEB39569	SAMEA7280498	ERX4490126	ERR4553756	1773	Mycobacterium tuberculosis	ILLUMINA	Illumina HiSeq 2500	ftp.sra.ebi.ac.uk/vol1/fastq/ERR455/006/ERR4553756/ERR4553756_1.fastq.gz;ftp.sra.ebi.ac.uk/vol1/fastq/ERR455/006/ERR4553756/ERR4553756_2.fastq.gz	ITM2010-00228
PRJEB39569	SAMEA7280499	ERX4490127	ERR4553757	1773	Mycobacterium tuberculosis	ILLUMINA	Illumina HiSeq 2500	ftp.sra.ebi.ac.uk/vol1/fastq/ERR455/007/ERR4553757/ERR4553757_1.fastq.gz;ftp.sra.ebi.ac.uk/vol1/fastq/ERR455/007/ERR4553757/ERR4553757_2.fastq.gz	ITM2010-00234
PRJEB39569	SAMEA7280500	ERX4490128	ERR4553758	1773	Mycobacterium tuberculosis	ILLUMINA	Illumina HiSeq 2500	ftp.sra.ebi.ac.uk/vol1/fastq/ERR455/008/ERR4553758/ERR4553758_1.fastq.gz;ftp.sra.ebi.ac.uk/vol1/fastq/ERR455/008/ERR4553758/ERR4553758_2.fastq.gz	ITM2010-00244
PRJEB39569	SAMEA7280501	ERX4490129	ERR4553759	1773	Mycobacterium tuberculosis	ILLUMINA	Illumina HiSeq 2500	ftp.sra.ebi.ac.uk/vol1/fastq/ERR455/009/ERR4553759/ERR4553759_1.fastq.gz;ftp.sra.ebi.ac.uk/vol1/fastq/ERR455/009/ERR4553759/ERR4553759_2.fastq.gz	ITM2010-00271
PRJEB39569	SAMEA7280502	ERX4490130	ERR4553760	1773	Mycobacterium tuberculosis	ILLUMINA	Illumina HiSeq 2500	ftp.sra.ebi.ac.uk/vol1/fastq/ERR455/000/ERR4553760/ERR4553760_1.fastq.gz;ftp.sra.ebi.ac.uk/vol1/fastq/ERR455/000/ERR4553760/ERR4553760_2.fastq.gz	ITM2010-00360
PRJEB39569	SAMEA7280503	ERX4490131	ERR4553761	1773	Mycobacterium tuberculosis	ILLUMINA	Illumina HiSeq 2500	ftp.sra.ebi.ac.uk/vol1/fastq/ERR455/001/ERR4553761/ERR4553761_1.fastq.gz;ftp.sra.ebi.ac.uk/vol1/fastq/ERR455/001/ERR4553761/ERR4553761_2.fastq.gz	ITM2010-00363
PRJEB39569	SAMEA7280504	ERX4490132	ERR4553762	1773	Mycobacterium tuberculosis	ILLUMINA	Illumina HiSeq 2500	ftp.sra.ebi.ac.uk/vol1/fastq/ERR455/002/ERR4553762/ERR4553762_1.fastq.gz;ftp.sra.ebi.ac.uk/vol1/fastq/ERR455/002/ERR4553762/ERR4553762_2.fastq.gz	ITM2010-00365
PRJEB39569	SAMEA7280505	ERX4490133	ERR4553763	1773	Mycobacterium tuberculosis	ILLUMINA	Illumina HiSeq 2500	ftp.sra.ebi.ac.uk/vol1/fastq/ERR455/003/ERR4553763/ERR4553763_1.fastq.gz;ftp.sra.ebi.ac.uk/vol1/fastq/ERR455/003/ERR4553763/ERR4553763_2.fastq.gz	ITM2010-00380
PRJEB39569	SAMEA7280506	ERX4490134	ERR4553764	1773	Mycobacterium tuberculosis	ILLUMINA	Illumina HiSeq 2500	ftp.sra.ebi.ac.uk/vol1/fastq/ERR455/004/ERR4553764/ERR4553764_1.fastq.gz;ftp.sra.ebi.ac.uk/vol1/fastq/ERR455/004/ERR4553764/ERR4553764_2.fastq.gz	ITM2010-00383
PRJEB39569	SAMEA7280507	ERX4490135	ERR4553765	1773	Mycobacterium tuberculosis	ILLUMINA	Illumina HiSeq 2500	ftp.sra.ebi.ac.uk/vol1/fastq/ERR455/005/ERR4553765/ERR4553765_1.fastq.gz;ftp.sra.ebi.ac.uk/vol1/fastq/ERR455/005/ERR4553765/ERR4553765_2.fastq.gz	ITM2010-00389
PRJEB39569	SAMEA7280508	ERX4490136	ERR4553766	1773	Mycobacterium tuberculosis	ILLUMINA	Illumina HiSeq 2500	ftp.sra.ebi.ac.uk/vol1/fastq/ERR455/006/ERR4553766/ERR4553766_1.fastq.gz;ftp.sra.ebi.ac.uk/vol1/fastq/ERR455/006/ERR4553766/ERR4553766_2.fastq.gz	ITM2010-00873
PRJEB39569	SAMEA7280509	ERX4490137	ERR4553767	1773	Mycobacterium tuberculosis	ILLUMINA	Illumina HiSeq 2500	ftp.sra.ebi.ac.uk/vol1/fastq/ERR455/007/ERR4553767/ERR4553767_1.fastq.gz;ftp.sra.ebi.ac.uk/vol1/fastq/ERR455/007/ERR4553767/ERR4553767_2.fastq.gz	ITM2010-00875
PRJEB39569	SAMEA7280510	ERX4490138	ERR4553768	1773	Mycobacterium tuberculosis	ILLUMINA	Illumina HiSeq 2500	ftp.sra.ebi.ac.uk/vol1/fastq/ERR455/008/ERR4553768/ERR4553768_1.fastq.gz;ftp.sra.ebi.ac.uk/vol1/fastq/ERR455/008/ERR4553768/ERR4553768_2.fastq.gz	ITM2010-00887
PRJEB39569	SAMEA7280511	ERX4490139	ERR4553769	1773	Mycobacterium tuberculosis	ILLUMINA	Illumina HiSeq 2500	ftp.sra.ebi.ac.uk/vol1/fastq/ERR455/009/ERR4553769/ERR4553769_1.fastq.gz;ftp.sra.ebi.ac.uk/vol1/fastq/ERR455/009/ERR4553769/ERR4553769_2.fastq.gz	ITM2010-00888
PRJEB39569	SAMEA7280512	ERX4490140	ERR4553770	1773	Mycobacterium tuberculosis	ILLUMINA	Illumina HiSeq 2500	ftp.sra.ebi.ac.uk/vol1/fastq/ERR455/000/ERR4553770/ERR4553770_1.fastq.gz;ftp.sra.ebi.ac.uk/vol1/fastq/ERR455/000/ERR4553770/ERR4553770_2.fastq.gz	ITM2010-00906
PRJEB39569	SAMEA7280513	ERX4490141	ERR4553771	1773	Mycobacterium tuberculosis	ILLUMINA	Illumina HiSeq 2500	ftp.sra.ebi.ac.uk/vol1/fastq/ERR455/001/ERR4553771/ERR4553771_1.fastq.gz;ftp.sra.ebi.ac.uk/vol1/fastq/ERR455/001/ERR4553771/ERR4553771_2.fastq.gz	ITM2010-01117
PRJEB39569	SAMEA7280514	ERX4490142	ERR4553772	1773	Mycobacterium tuberculosis	ILLUMINA	Illumina HiSeq 2500	ftp.sra.ebi.ac.uk/vol1/fastq/ERR455/002/ERR4553772/ERR4553772_1.fastq.gz;ftp.sra.ebi.ac.uk/vol1/fastq/ERR455/002/ERR4553772/ERR4553772_2.fastq.gz	ITM2010-01122
PRJEB39569	SAMEA7280515	ERX4490143	ERR4553773	1773	Mycobacterium tuberculosis	ILLUMINA	Illumina HiSeq 2500	ftp.sra.ebi.ac.uk/vol1/fastq/ERR455/003/ERR4553773/ERR4553773_1.fastq.gz;ftp.sra.ebi.ac.uk/vol1/fastq/ERR455/003/ERR4553773/ERR4553773_2.fastq.gz	ITM2010-01138
PRJEB39569	SAMEA7280516	ERX4490144	ERR4553774	1773	Mycobacterium tuberculosis	ILLUMINA	Illumina HiSeq 2500	ftp.sra.ebi.ac.uk/vol1/fastq/ERR455/004/ERR4553774/ERR4553774_1.fastq.gz;ftp.sra.ebi.ac.uk/vol1/fastq/ERR455/004/ERR4553774/ERR4553774_2.fastq.gz	ITM2010-01140
PRJEB39569	SAMEA7280517	ERX4490145	ERR4553775	1773	Mycobacterium tuberculosis	ILLUMINA	Illumina HiSeq 2500	ftp.sra.ebi.ac.uk/vol1/fastq/ERR455/005/ERR4553775/ERR4553775_1.fastq.gz;ftp.sra.ebi.ac.uk/vol1/fastq/ERR455/005/ERR4553775/ERR4553775_2.fastq.gz	ITM2010-01142
PRJEB39569	SAMEA7280518	ERX4490146	ERR4553776	1773	Mycobacterium tuberculosis	ILLUMINA	Illumina HiSeq 2500	ftp.sra.ebi.ac.uk/vol1/fastq/ERR455/006/ERR4553776/ERR4553776_1.fastq.gz;ftp.sra.ebi.ac.uk/vol1/fastq/ERR455/006/ERR4553776/ERR4553776_2.fastq.gz	ITM2010-01403
PRJEB39569	SAMEA7280519	ERX4490147	ERR4553777	1773	Mycobacterium tuberculosis	ILLUMINA	Illumina HiSeq 2500	ftp.sra.ebi.ac.uk/vol1/fastq/ERR455/007/ERR4553777/ERR4553777_1.fastq.gz;ftp.sra.ebi.ac.uk/vol1/fastq/ERR455/007/ERR4553777/ERR4553777_2.fastq.gz	ITM2010-01407
PRJEB39569	SAMEA7280520	ERX4490148	ERR4553778	1773	Mycobacterium tuberculosis	ILLUMINA	Illumina HiSeq 2500	ftp.sra.ebi.ac.uk/vol1/fastq/ERR455/008/ERR4553778/ERR4553778_1.fastq.gz;ftp.sra.ebi.ac.uk/vol1/fastq/ERR455/008/ERR4553778/ERR4553778_2.fastq.gz	ITM2010-01415
PRJEB39569	SAMEA7280521	ERX4490149	ERR4553779	1773	Mycobacterium tuberculosis	ILLUMINA	Illumina HiSeq 2500	ftp.sra.ebi.ac.uk/vol1/fastq/ERR455/009/ERR4553779/ERR4553779_1.fastq.gz;ftp.sra.ebi.ac.uk/vol1/fastq/ERR455/009/ERR4553779/ERR4553779_2.fastq.gz	ITM2010-01424
PRJEB39569	SAMEA7280522	ERX4490150	ERR4553780	1773	Mycobacterium tuberculosis	ILLUMINA	Illumina HiSeq 2500	ftp.sra.ebi.ac.uk/vol1/fastq/ERR455/000/ERR4553780/ERR4553780_1.fastq.gz;ftp.sra.ebi.ac.uk/vol1/fastq/ERR455/000/ERR4553780/ERR4553780_2.fastq.gz	ITM2010-01641
PRJEB39569	SAMEA7280523	ERX4490151	ERR4553781	1773	Mycobacterium tuberculosis	ILLUMINA	Illumina HiSeq 2500	ftp.sra.ebi.ac.uk/vol1/fastq/ERR455/001/ERR4553781/ERR4553781_1.fastq.gz;ftp.sra.ebi.ac.uk/vol1/fastq/ERR455/001/ERR4553781/ERR4553781_2.fastq.gz	ITM2010-01644
PRJEB39569	SAMEA7280524	ERX4490152	ERR4553782	1773	Mycobacterium tuberculosis	ILLUMINA	Illumina HiSeq 2500	ftp.sra.ebi.ac.uk/vol1/fastq/ERR455/002/ERR4553782/ERR4553782_1.fastq.gz;ftp.sra.ebi.ac.uk/vol1/fastq/ERR455/002/ERR4553782/ERR4553782_2.fastq.gz	ITM2010-01651
PRJEB39569	SAMEA7280525	ERX4490153	ERR4553783	1773	Mycobacterium tuberculosis	ILLUMINA	Illumina HiSeq 2500	ftp.sra.ebi.ac.uk/vol1/fastq/ERR455/003/ERR4553783/ERR4553783_1.fastq.gz;ftp.sra.ebi.ac.uk/vol1/fastq/ERR455/003/ERR4553783/ERR4553783_2.fastq.gz	ITM2010-01654
PRJEB39569	SAMEA7280526	ERX4490154	ERR4553784	1773	Mycobacterium tuberculosis	ILLUMINA	Illumina HiSeq 2500	ftp.sra.ebi.ac.uk/vol1/fastq/ERR455/004/ERR4553784/ERR4553784_1.fastq.gz;ftp.sra.ebi.ac.uk/vol1/fastq/ERR455/004/ERR4553784/ERR4553784_2.fastq.gz	ITM2010-01658
PRJEB39569	SAMEA7280527	ERX4490155	ERR4553785	1773	Mycobacterium tuberculosis	ILLUMINA	Illumina HiSeq 2500	ftp.sra.ebi.ac.uk/vol1/fastq/ERR455/005/ERR4553785/ERR4553785_1.fastq.gz;ftp.sra.ebi.ac.uk/vol1/fastq/ERR455/005/ERR4553785/ERR4553785_2.fastq.gz	ITM2010-01661
PRJEB39569	SAMEA7280528	ERX4490156	ERR4553786	1773	Mycobacterium tuberculosis	ILLUMINA	Illumina HiSeq 2500	ftp.sra.ebi.ac.uk/vol1/fastq/ERR455/006/ERR4553786/ERR4553786_1.fastq.gz;ftp.sra.ebi.ac.uk/vol1/fastq/ERR455/006/ERR4553786/ERR4553786_2.fastq.gz	ITM2010-01884
PRJEB39569	SAMEA7280529	ERX4490157	ERR4553787	1773	Mycobacterium tuberculosis	ILLUMINA	Illumina HiSeq 2500	ftp.sra.ebi.ac.uk/vol1/fastq/ERR455/007/ERR4553787/ERR4553787_1.fastq.gz;ftp.sra.ebi.ac.uk/vol1/fastq/ERR455/007/ERR4553787/ERR4553787_2.fastq.gz	ITM2010-01897
PRJEB39569	SAMEA7280530	ERX4490158	ERR4553788	1773	Mycobacterium tuberculosis	ILLUMINA	Illumina HiSeq 2500	ftp.sra.ebi.ac.uk/vol1/fastq/ERR455/008/ERR4553788/ERR4553788_1.fastq.gz;ftp.sra.ebi.ac.uk/vol1/fastq/ERR455/008/ERR4553788/ERR4553788_2.fastq.gz	ITM2010-01901
PRJEB39569	SAMEA7280531	ERX4490159	ERR4553789	1773	Mycobacterium tuberculosis	ILLUMINA	Illumina HiSeq 2500	ftp.sra.ebi.ac.uk/vol1/fastq/ERR455/009/ERR4553789/ERR4553789_1.fastq.gz;ftp.sra.ebi.ac.uk/vol1/fastq/ERR455/009/ERR4553789/ERR4553789_2.fastq.gz	ITM2010-01905
PRJEB39569	SAMEA7280532	ERX4490160	ERR4553790	1773	Mycobacterium tuberculosis	ILLUMINA	Illumina HiSeq 2500	ftp.sra.ebi.ac.uk/vol1/fastq/ERR455/000/ERR4553790/ERR4553790_1.fastq.gz;ftp.sra.ebi.ac.uk/vol1/fastq/ERR455/000/ERR4553790/ERR4553790_2.fastq.gz	ITM2010-01921
PRJEB39569	SAMEA7280533	ERX4490161	ERR4553791	1773	Mycobacterium tuberculosis	ILLUMINA	Illumina HiSeq 2500	ftp.sra.ebi.ac.uk/vol1/fastq/ERR455/001/ERR4553791/ERR4553791_1.fastq.gz;ftp.sra.ebi.ac.uk/vol1/fastq/ERR455/001/ERR4553791/ERR4553791_2.fastq.gz	ITM2010-01936
PRJEB39569	SAMEA7280534	ERX4490162	ERR4553792	1773	Mycobacterium tuberculosis	ILLUMINA	Illumina HiSeq 2500	ftp.sra.ebi.ac.uk/vol1/fastq/ERR455/002/ERR4553792/ERR4553792_1.fastq.gz;ftp.sra.ebi.ac.uk/vol1/fastq/ERR455/002/ERR4553792/ERR4553792_2.fastq.gz	ITM2010-02091
PRJEB39569	SAMEA7280535	ERX4490163	ERR4553793	1773	Mycobacterium tuberculosis	ILLUMINA	Illumina HiSeq 2500	ftp.sra.ebi.ac.uk/vol1/fastq/ERR455/003/ERR4553793/ERR4553793_1.fastq.gz;ftp.sra.ebi.ac.uk/vol1/fastq/ERR455/003/ERR4553793/ERR4553793_2.fastq.gz	ITM2010-02096
PRJEB39569	SAMEA7280536	ERX4490164	ERR4553794	1773	Mycobacterium tuberculosis	ILLUMINA	Illumina HiSeq 2500	ftp.sra.ebi.ac.uk/vol1/fastq/ERR455/004/ERR4553794/ERR4553794_1.fastq.gz;ftp.sra.ebi.ac.uk/vol1/fastq/ERR455/004/ERR4553794/ERR4553794_2.fastq.gz	ITM2010-02100
PRJEB39569	SAMEA7280537	ERX4490165	ERR4553795	1773	Mycobacterium tuberculosis	ILLUMINA	Illumina HiSeq 2500	ftp.sra.ebi.ac.uk/vol1/fastq/ERR455/005/ERR4553795/ERR4553795_1.fastq.gz;ftp.sra.ebi.ac.uk/vol1/fastq/ERR455/005/ERR4553795/ERR4553795_2.fastq.gz	ITM2010-02106
PRJEB39569	SAMEA7280538	ERX4490166	ERR4553796	1773	Mycobacterium tuberculosis	ILLUMINA	Illumina HiSeq 2500	ftp.sra.ebi.ac.uk/vol1/fastq/ERR455/006/ERR4553796/ERR4553796_1.fastq.gz;ftp.sra.ebi.ac.uk/vol1/fastq/ERR455/006/ERR4553796/ERR4553796_2.fastq.gz	ITM2010-02109
PRJEB39569	SAMEA7280539	ERX4490167	ERR4553797	1773	Mycobacterium tuberculosis	ILLUMINA	Illumina HiSeq 2500	ftp.sra.ebi.ac.uk/vol1/fastq/ERR455/007/ERR4553797/ERR4553797_1.fastq.gz;ftp.sra.ebi.ac.uk/vol1/fastq/ERR455/007/ERR4553797/ERR4553797_2.fastq.gz	ITM2010-02110
PRJEB39569	SAMEA7280540	ERX4490168	ERR4553798	1773	Mycobacterium tuberculosis	ILLUMINA	Illumina HiSeq 2500	ftp.sra.ebi.ac.uk/vol1/fastq/ERR455/008/ERR4553798/ERR4553798_1.fastq.gz;ftp.sra.ebi.ac.uk/vol1/fastq/ERR455/008/ERR4553798/ERR4553798_2.fastq.gz	ITM2010-02111
PRJEB39569	SAMEA7280541	ERX4490169	ERR4553799	1773	Mycobacterium tuberculosis	ILLUMINA	Illumina HiSeq 2500	ftp.sra.ebi.ac.uk/vol1/fastq/ERR455/009/ERR4553799/ERR4553799_1.fastq.gz;ftp.sra.ebi.ac.uk/vol1/fastq/ERR455/009/ERR4553799/ERR4553799_2.fastq.gz	ITM2010-02112
PRJEB39569	SAMEA7280542	ERX4490170	ERR4553800	1773	Mycobacterium tuberculosis	ILLUMINA	Illumina HiSeq 2500	ftp.sra.ebi.ac.uk/vol1/fastq/ERR455/000/ERR4553800/ERR4553800_1.fastq.gz;ftp.sra.ebi.ac.uk/vol1/fastq/ERR455/000/ERR4553800/ERR4553800_2.fastq.gz	ITM2010-02130
PRJEB39569	SAMEA7280543	ERX4490171	ERR4553801	1773	Mycobacterium tuberculosis	ILLUMINA	Illumina HiSeq 2500	ftp.sra.ebi.ac.uk/vol1/fastq/ERR455/001/ERR4553801/ERR4553801_1.fastq.gz;ftp.sra.ebi.ac.uk/vol1/fastq/ERR455/001/ERR4553801/ERR4553801_2.fastq.gz	ITM2010-02131
PRJEB39569	SAMEA7280544	ERX4490172	ERR4553802	1773	Mycobacterium tuberculosis	ILLUMINA	Illumina HiSeq 2500	ftp.sra.ebi.ac.uk/vol1/fastq/ERR455/002/ERR4553802/ERR4553802_1.fastq.gz;ftp.sra.ebi.ac.uk/vol1/fastq/ERR455/002/ERR4553802/ERR4553802_2.fastq.gz	ITM2010-02385
PRJEB39569	SAMEA7280545	ERX4490173	ERR4553803	1773	Mycobacterium tuberculosis	ILLUMINA	Illumina HiSeq 2500	ftp.sra.ebi.ac.uk/vol1/fastq/ERR455/003/ERR4553803/ERR4553803_1.fastq.gz;ftp.sra.ebi.ac.uk/vol1/fastq/ERR455/003/ERR4553803/ERR4553803_2.fastq.gz	ITM2010-02391
PRJEB39569	SAMEA7280546	ERX4490174	ERR4553804	1773	Mycobacterium tuberculosis	ILLUMINA	Illumina HiSeq 2500	ftp.sra.ebi.ac.uk/vol1/fastq/ERR455/004/ERR4553804/ERR4553804_1.fastq.gz;ftp.sra.ebi.ac.uk/vol1/fastq/ERR455/004/ERR4553804/ERR4553804_2.fastq.gz	ITM2010-02400
PRJEB39569	SAMEA7280547	ERX4490175	ERR4553805	1773	Mycobacterium tuberculosis	ILLUMINA	Illumina HiSeq 2500	ftp.sra.ebi.ac.uk/vol1/fastq/ERR455/005/ERR4553805/ERR4553805_1.fastq.gz;ftp.sra.ebi.ac.uk/vol1/fastq/ERR455/005/ERR4553805/ERR4553805_2.fastq.gz	ITM2010-02404
PRJEB39569	SAMEA7280548	ERX4490176	ERR4553806	1773	Mycobacterium tuberculosis	ILLUMINA	Illumina HiSeq 2500	ftp.sra.ebi.ac.uk/vol1/fastq/ERR455/006/ERR4553806/ERR4553806_1.fastq.gz;ftp.sra.ebi.ac.uk/vol1/fastq/ERR455/006/ERR4553806/ERR4553806_2.fastq.gz	ITM2010-02405
PRJEB39569	SAMEA7280549	ERX4490177	ERR4553807	1773	Mycobacterium tuberculosis	ILLUMINA	Illumina HiSeq 2500	ftp.sra.ebi.ac.uk/vol1/fastq/ERR455/007/ERR4553807/ERR4553807_1.fastq.gz;ftp.sra.ebi.ac.uk/vol1/fastq/ERR455/007/ERR4553807/ERR4553807_2.fastq.gz	ITM2010-02407
PRJEB39569	SAMEA7280550	ERX4490178	ERR4553808	1773	Mycobacterium tuberculosis	ILLUMINA	Illumina HiSeq 2500	ftp.sra.ebi.ac.uk/vol1/fastq/ERR455/008/ERR4553808/ERR4553808_1.fastq.gz;ftp.sra.ebi.ac.uk/vol1/fastq/ERR455/008/ERR4553808/ERR4553808_2.fastq.gz	ITM2010-02409
PRJEB39569	SAMEA7280551	ERX4490179	ERR4553809	1773	Mycobacterium tuberculosis	ILLUMINA	Illumina HiSeq 2500	ftp.sra.ebi.ac.uk/vol1/fastq/ERR455/009/ERR4553809/ERR4553809_1.fastq.gz;ftp.sra.ebi.ac.uk/vol1/fastq/ERR455/009/ERR4553809/ERR4553809_2.fastq.gz	ITM2010-02414
PRJEB39569	SAMEA7280552	ERX4490180	ERR4553810	1773	Mycobacterium tuberculosis	ILLUMINA	Illumina HiSeq 2500	ftp.sra.ebi.ac.uk/vol1/fastq/ERR455/000/ERR4553810/ERR4553810_1.fastq.gz;ftp.sra.ebi.ac.uk/vol1/fastq/ERR455/000/ERR4553810/ERR4553810_2.fastq.gz	ITM2010-02417
PRJEB39569	SAMEA7280553	ERX4490181	ERR4553811	1773	Mycobacterium tuberculosis	ILLUMINA	Illumina HiSeq 2500	ftp.sra.ebi.ac.uk/vol1/fastq/ERR455/001/ERR4553811/ERR4553811_1.fastq.gz;ftp.sra.ebi.ac.uk/vol1/fastq/ERR455/001/ERR4553811/ERR4553811_2.fastq.gz	ITM2010-02419
PRJEB39569	SAMEA7280554	ERX4490182	ERR4553812	1773	Mycobacterium tuberculosis	ILLUMINA	Illumina HiSeq 2500	ftp.sra.ebi.ac.uk/vol1/fastq/ERR455/002/ERR4553812/ERR4553812_1.fastq.gz;ftp.sra.ebi.ac.uk/vol1/fastq/ERR455/002/ERR4553812/ERR4553812_2.fastq.gz	ITM2010-02592
PRJEB39569	SAMEA7280555	ERX4490183	ERR4553813	1773	Mycobacterium tuberculosis	ILLUMINA	Illumina HiSeq 2500	ftp.sra.ebi.ac.uk/vol1/fastq/ERR455/003/ERR4553813/ERR4553813_1.fastq.gz;ftp.sra.ebi.ac.uk/vol1/fastq/ERR455/003/ERR4553813/ERR4553813_2.fastq.gz	ITM2010-02598
PRJEB39569	SAMEA7280556	ERX4490184	ERR4553814	1773	Mycobacterium tuberculosis	ILLUMINA	Illumina HiSeq 2500	ftp.sra.ebi.ac.uk/vol1/fastq/ERR455/004/ERR4553814/ERR4553814_1.fastq.gz;ftp.sra.ebi.ac.uk/vol1/fastq/ERR455/004/ERR4553814/ERR4553814_2.fastq.gz	ITM2010-02599
PRJEB39569	SAMEA7280557	ERX4490185	ERR4553815	1773	Mycobacterium tuberculosis	ILLUMINA	Illumina HiSeq 2500	ftp.sra.ebi.ac.uk/vol1/fastq/ERR455/005/ERR4553815/ERR4553815_1.fastq.gz;ftp.sra.ebi.ac.uk/vol1/fastq/ERR455/005/ERR4553815/ERR4553815_2.fastq.gz	ITM2010-02607
PRJEB39569	SAMEA7280558	ERX4490186	ERR4553816	1773	Mycobacterium tuberculosis	ILLUMINA	Illumina HiSeq 2500	ftp.sra.ebi.ac.uk/vol1/fastq/ERR455/006/ERR4553816/ERR4553816_1.fastq.gz;ftp.sra.ebi.ac.uk/vol1/fastq/ERR455/006/ERR4553816/ERR4553816_2.fastq.gz	ITM2010-02609
PRJEB39569	SAMEA7280559	ERX4490187	ERR4553817	1773	Mycobacterium tuberculosis	ILLUMINA	Illumina HiSeq 2500	ftp.sra.ebi.ac.uk/vol1/fastq/ERR455/007/ERR4553817/ERR4553817_1.fastq.gz;ftp.sra.ebi.ac.uk/vol1/fastq/ERR455/007/ERR4553817/ERR4553817_2.fastq.gz	ITM2010-02612
PRJEB39569	SAMEA7280560	ERX4490188	ERR4553818	1773	Mycobacterium tuberculosis	ILLUMINA	Illumina HiSeq 2500	ftp.sra.ebi.ac.uk/vol1/fastq/ERR455/008/ERR4553818/ERR4553818_1.fastq.gz;ftp.sra.ebi.ac.uk/vol1/fastq/ERR455/008/ERR4553818/ERR4553818_2.fastq.gz	ITM2010-02614
PRJEB39569	SAMEA7280561	ERX4490189	ERR4553819	1773	Mycobacterium tuberculosis	ILLUMINA	Illumina HiSeq 2500	ftp.sra.ebi.ac.uk/vol1/fastq/ERR455/009/ERR4553819/ERR4553819_1.fastq.gz;ftp.sra.ebi.ac.uk/vol1/fastq/ERR455/009/ERR4553819/ERR4553819_2.fastq.gz	ITM2010-02615
PRJEB39569	SAMEA7280562	ERX4490190	ERR4553820	1773	Mycobacterium tuberculosis	ILLUMINA	Illumina HiSeq 2500	ftp.sra.ebi.ac.uk/vol1/fastq/ERR455/000/ERR4553820/ERR4553820_1.fastq.gz;ftp.sra.ebi.ac.uk/vol1/fastq/ERR455/000/ERR4553820/ERR4553820_2.fastq.gz	ITM2010-02618
PRJEB39569	SAMEA7280563	ERX4490191	ERR4553821	1773	Mycobacterium tuberculosis	ILLUMINA	Illumina HiSeq 2500	ftp.sra.ebi.ac.uk/vol1/fastq/ERR455/001/ERR4553821/ERR4553821_1.fastq.gz;ftp.sra.ebi.ac.uk/vol1/fastq/ERR455/001/ERR4553821/ERR4553821_2.fastq.gz	ITM2010-02627
PRJEB39569	SAMEA7280564	ERX4490192	ERR4553822	1773	Mycobacterium tuberculosis	ILLUMINA	Illumina HiSeq 2500	ftp.sra.ebi.ac.uk/vol1/fastq/ERR455/002/ERR4553822/ERR4553822_1.fastq.gz;ftp.sra.ebi.ac.uk/vol1/fastq/ERR455/002/ERR4553822/ERR4553822_2.fastq.gz	ITM2010-02763
PRJEB39569	SAMEA7280565	ERX4490193	ERR4553823	1773	Mycobacterium tuberculosis	ILLUMINA	Illumina HiSeq 2500	ftp.sra.ebi.ac.uk/vol1/fastq/ERR455/003/ERR4553823/ERR4553823_1.fastq.gz;ftp.sra.ebi.ac.uk/vol1/fastq/ERR455/003/ERR4553823/ERR4553823_2.fastq.gz	ITM2010-02772
PRJEB39569	SAMEA7280566	ERX4490194	ERR4553824	1773	Mycobacterium tuberculosis	ILLUMINA	Illumina HiSeq 2500	ftp.sra.ebi.ac.uk/vol1/fastq/ERR455/004/ERR4553824/ERR4553824_1.fastq.gz;ftp.sra.ebi.ac.uk/vol1/fastq/ERR455/004/ERR4553824/ERR4553824_2.fastq.gz	ITM2010-02799
PRJEB39569	SAMEA7280567	ERX4490195	ERR4553825	1773	Mycobacterium tuberculosis	ILLUMINA	Illumina HiSeq 2500	ftp.sra.ebi.ac.uk/vol1/fastq/ERR455/005/ERR4553825/ERR4553825_1.fastq.gz;ftp.sra.ebi.ac.uk/vol1/fastq/ERR455/005/ERR4553825/ERR4553825_2.fastq.gz	ITM2010-02800
PRJEB39569	SAMEA7280568	ERX4490196	ERR4553826	1773	Mycobacterium tuberculosis	ILLUMINA	Illumina HiSeq 2500	ftp.sra.ebi.ac.uk/vol1/fastq/ERR455/006/ERR4553826/ERR4553826_1.fastq.gz;ftp.sra.ebi.ac.uk/vol1/fastq/ERR455/006/ERR4553826/ERR4553826_2.fastq.gz	ITM2010-02806
PRJEB39569	SAMEA7280569	ERX4490197	ERR4553827	1773	Mycobacterium tuberculosis	ILLUMINA	Illumina HiSeq 2500	ftp.sra.ebi.ac.uk/vol1/fastq/ERR455/007/ERR4553827/ERR4553827_1.fastq.gz;ftp.sra.ebi.ac.uk/vol1/fastq/ERR455/007/ERR4553827/ERR4553827_2.fastq.gz	ITM2010-02808
PRJEB39569	SAMEA7280570	ERX4490198	ERR4553828	1773	Mycobacterium tuberculosis	ILLUMINA	Illumina HiSeq 2500	ftp.sra.ebi.ac.uk/vol1/fastq/ERR455/008/ERR4553828/ERR4553828_1.fastq.gz;ftp.sra.ebi.ac.uk/vol1/fastq/ERR455/008/ERR4553828/ERR4553828_2.fastq.gz	ITM2010-02816
PRJEB39569	SAMEA7280571	ERX4490199	ERR4553829	1773	Mycobacterium tuberculosis	ILLUMINA	Illumina HiSeq 2500	ftp.sra.ebi.ac.uk/vol1/fastq/ERR455/009/ERR4553829/ERR4553829_1.fastq.gz;ftp.sra.ebi.ac.uk/vol1/fastq/ERR455/009/ERR4553829/ERR4553829_2.fastq.gz	ITM2011-00062
PRJEB39569	SAMEA7280572	ERX4490200	ERR4553830	1773	Mycobacterium tuberculosis	ILLUMINA	Illumina HiSeq 2500	ftp.sra.ebi.ac.uk/vol1/fastq/ERR455/000/ERR4553830/ERR4553830_1.fastq.gz;ftp.sra.ebi.ac.uk/vol1/fastq/ERR455/000/ERR4553830/ERR4553830_2.fastq.gz	ITM2011-00068
PRJEB39569	SAMEA7280573	ERX4490201	ERR4553831	1773	Mycobacterium tuberculosis	ILLUMINA	Illumina HiSeq 2500	ftp.sra.ebi.ac.uk/vol1/fastq/ERR455/001/ERR4553831/ERR4553831_1.fastq.gz;ftp.sra.ebi.ac.uk/vol1/fastq/ERR455/001/ERR4553831/ERR4553831_2.fastq.gz	ITM2011-00076
PRJEB39569	SAMEA7280574	ERX4490202	ERR4553832	1773	Mycobacterium tuberculosis	ILLUMINA	Illumina HiSeq 2500	ftp.sra.ebi.ac.uk/vol1/fastq/ERR455/002/ERR4553832/ERR4553832_1.fastq.gz;ftp.sra.ebi.ac.uk/vol1/fastq/ERR455/002/ERR4553832/ERR4553832_2.fastq.gz	ITM2011-00094
PRJEB39569	SAMEA7280575	ERX4490203	ERR4553833	1773	Mycobacterium tuberculosis	ILLUMINA	Illumina HiSeq 2500	ftp.sra.ebi.ac.uk/vol1/fastq/ERR455/003/ERR4553833/ERR4553833_1.fastq.gz;ftp.sra.ebi.ac.uk/vol1/fastq/ERR455/003/ERR4553833/ERR4553833_2.fastq.gz	ITM2011-00099
PRJEB39569	SAMEA7280576	ERX4490204	ERR4553834	1773	Mycobacterium tuberculosis	ILLUMINA	Illumina HiSeq 2500	ftp.sra.ebi.ac.uk/vol1/fastq/ERR455/004/ERR4553834/ERR4553834_1.fastq.gz;ftp.sra.ebi.ac.uk/vol1/fastq/ERR455/004/ERR4553834/ERR4553834_2.fastq.gz	ITM2011-00113
PRJEB39569	SAMEA7280577	ERX4490205	ERR4553835	1773	Mycobacterium tuberculosis	ILLUMINA	Illumina HiSeq 2500	ftp.sra.ebi.ac.uk/vol1/fastq/ERR455/005/ERR4553835/ERR4553835_1.fastq.gz;ftp.sra.ebi.ac.uk/vol1/fastq/ERR455/005/ERR4553835/ERR4553835_2.fastq.gz	ITM2011-00122
PRJEB39569	SAMEA7280578	ERX4490206	ERR4553836	1773	Mycobacterium tuberculosis	ILLUMINA	Illumina HiSeq 2500	ftp.sra.ebi.ac.uk/vol1/fastq/ERR455/006/ERR4553836/ERR4553836_1.fastq.gz;ftp.sra.ebi.ac.uk/vol1/fastq/ERR455/006/ERR4553836/ERR4553836_2.fastq.gz	ITM2011-00127
PRJEB39569	SAMEA7280579	ERX4490207	ERR4553837	1773	Mycobacterium tuberculosis	ILLUMINA	Illumina HiSeq 2500	ftp.sra.ebi.ac.uk/vol1/fastq/ERR455/007/ERR4553837/ERR4553837_1.fastq.gz;ftp.sra.ebi.ac.uk/vol1/fastq/ERR455/007/ERR4553837/ERR4553837_2.fastq.gz	ITM2011-00156
PRJEB39569	SAMEA7280580	ERX4490208	ERR4553838	1773	Mycobacterium tuberculosis	ILLUMINA	Illumina HiSeq 2500	ftp.sra.ebi.ac.uk/vol1/fastq/ERR455/008/ERR4553838/ERR4553838_1.fastq.gz;ftp.sra.ebi.ac.uk/vol1/fastq/ERR455/008/ERR4553838/ERR4553838_2.fastq.gz	ITM2011-00170
PRJEB39569	SAMEA7280581	ERX4490209	ERR4553839	1773	Mycobacterium tuberculosis	ILLUMINA	Illumina HiSeq 2500	ftp.sra.ebi.ac.uk/vol1/fastq/ERR455/009/ERR4553839/ERR4553839_1.fastq.gz;ftp.sra.ebi.ac.uk/vol1/fastq/ERR455/009/ERR4553839/ERR4553839_2.fastq.gz	ITM2011-00338
PRJEB39569	SAMEA7280582	ERX4490210	ERR4553840	1773	Mycobacterium tuberculosis	ILLUMINA	Illumina HiSeq 2500	ftp.sra.ebi.ac.uk/vol1/fastq/ERR455/000/ERR4553840/ERR4553840_1.fastq.gz;ftp.sra.ebi.ac.uk/vol1/fastq/ERR455/000/ERR4553840/ERR4553840_2.fastq.gz	ITM2011-00339
PRJEB39569	SAMEA7280583	ERX4490211	ERR4553841	1773	Mycobacterium tuberculosis	ILLUMINA	Illumina HiSeq 2500	ftp.sra.ebi.ac.uk/vol1/fastq/ERR455/001/ERR4553841/ERR4553841_1.fastq.gz;ftp.sra.ebi.ac.uk/vol1/fastq/ERR455/001/ERR4553841/ERR4553841_2.fastq.gz	ITM2011-00357
PRJEB39569	SAMEA7280584	ERX4490212	ERR4553842	1773	Mycobacterium tuberculosis	ILLUMINA	Illumina HiSeq 2500	ftp.sra.ebi.ac.uk/vol1/fastq/ERR455/002/ERR4553842/ERR4553842_1.fastq.gz;ftp.sra.ebi.ac.uk/vol1/fastq/ERR455/002/ERR4553842/ERR4553842_2.fastq.gz	ITM2011-00375
PRJEB39569	SAMEA7280585	ERX4490213	ERR4553843	1773	Mycobacterium tuberculosis	ILLUMINA	Illumina HiSeq 2500	ftp.sra.ebi.ac.uk/vol1/fastq/ERR455/003/ERR4553843/ERR4553843_1.fastq.gz;ftp.sra.ebi.ac.uk/vol1/fastq/ERR455/003/ERR4553843/ERR4553843_2.fastq.gz	ITM2011-00383
PRJEB39569	SAMEA7280586	ERX4490214	ERR4553844	1773	Mycobacterium tuberculosis	ILLUMINA	Illumina HiSeq 2500	ftp.sra.ebi.ac.uk/vol1/fastq/ERR455/004/ERR4553844/ERR4553844_1.fastq.gz;ftp.sra.ebi.ac.uk/vol1/fastq/ERR455/004/ERR4553844/ERR4553844_2.fastq.gz	ITM2011-00390
PRJEB39569	SAMEA7280587	ERX4490215	ERR4553845	1773	Mycobacterium tuberculosis	ILLUMINA	Illumina HiSeq 2500	ftp.sra.ebi.ac.uk/vol1/fastq/ERR455/005/ERR4553845/ERR4553845_1.fastq.gz;ftp.sra.ebi.ac.uk/vol1/fastq/ERR455/005/ERR4553845/ERR4553845_2.fastq.gz	ITM2011-00518
PRJEB39569	SAMEA7280588	ERX4490216	ERR4553846	1773	Mycobacterium tuberculosis	ILLUMINA	Illumina HiSeq 2500	ftp.sra.ebi.ac.uk/vol1/fastq/ERR455/006/ERR4553846/ERR4553846_1.fastq.gz;ftp.sra.ebi.ac.uk/vol1/fastq/ERR455/006/ERR4553846/ERR4553846_2.fastq.gz	ITM2011-00528
PRJEB39569	SAMEA7280589	ERX4490217	ERR4553847	1773	Mycobacterium tuberculosis	ILLUMINA	Illumina HiSeq 2500	ftp.sra.ebi.ac.uk/vol1/fastq/ERR455/007/ERR4553847/ERR4553847_1.fastq.gz;ftp.sra.ebi.ac.uk/vol1/fastq/ERR455/007/ERR4553847/ERR4553847_2.fastq.gz	ITM2011-00534
PRJEB39569	SAMEA7280590	ERX4490218	ERR4553848	1773	Mycobacterium tuberculosis	ILLUMINA	Illumina HiSeq 2500	ftp.sra.ebi.ac.uk/vol1/fastq/ERR455/008/ERR4553848/ERR4553848_1.fastq.gz;ftp.sra.ebi.ac.uk/vol1/fastq/ERR455/008/ERR4553848/ERR4553848_2.fastq.gz	ITM2011-00540
PRJEB39569	SAMEA7280591	ERX4490219	ERR4553849	1773	Mycobacterium tuberculosis	ILLUMINA	Illumina HiSeq 2500	ftp.sra.ebi.ac.uk/vol1/fastq/ERR455/009/ERR4553849/ERR4553849_1.fastq.gz;ftp.sra.ebi.ac.uk/vol1/fastq/ERR455/009/ERR4553849/ERR4553849_2.fastq.gz	ITM2011-00543
PRJEB39569	SAMEA7280592	ERX4490220	ERR4553850	1773	Mycobacterium tuberculosis	ILLUMINA	Illumina HiSeq 2500	ftp.sra.ebi.ac.uk/vol1/fastq/ERR455/000/ERR4553850/ERR4553850_1.fastq.gz;ftp.sra.ebi.ac.uk/vol1/fastq/ERR455/000/ERR4553850/ERR4553850_2.fastq.gz	ITM2011-00554
PRJEB39569	SAMEA7280593	ERX4490221	ERR4553851	1773	Mycobacterium tuberculosis	ILLUMINA	Illumina HiSeq 2500	ftp.sra.ebi.ac.uk/vol1/fastq/ERR455/001/ERR4553851/ERR4553851_1.fastq.gz;ftp.sra.ebi.ac.uk/vol1/fastq/ERR455/001/ERR4553851/ERR4553851_2.fastq.gz	ITM2011-00569
PRJEB39569	SAMEA7280594	ERX4490222	ERR4553852	1773	Mycobacterium tuberculosis	ILLUMINA	Illumina HiSeq 2500	ftp.sra.ebi.ac.uk/vol1/fastq/ERR455/002/ERR4553852/ERR4553852_1.fastq.gz;ftp.sra.ebi.ac.uk/vol1/fastq/ERR455/002/ERR4553852/ERR4553852_2.fastq.gz	ITM2011-00579
PRJEB39569	SAMEA7280595	ERX4490223	ERR4553853	1773	Mycobacterium tuberculosis	ILLUMINA	Illumina HiSeq 2500	ftp.sra.ebi.ac.uk/vol1/fastq/ERR455/003/ERR4553853/ERR4553853_1.fastq.gz;ftp.sra.ebi.ac.uk/vol1/fastq/ERR455/003/ERR4553853/ERR4553853_2.fastq.gz	ITM2011-00604
PRJEB39569	SAMEA7280596	ERX4490224	ERR4553854	1773	Mycobacterium tuberculosis	ILLUMINA	Illumina HiSeq 2500	ftp.sra.ebi.ac.uk/vol1/fastq/ERR455/004/ERR4553854/ERR4553854_1.fastq.gz;ftp.sra.ebi.ac.uk/vol1/fastq/ERR455/004/ERR4553854/ERR4553854_2.fastq.gz	ITM2011-00618
PRJEB39569	SAMEA7280597	ERX4490225	ERR4553855	1773	Mycobacterium tuberculosis	ILLUMINA	Illumina HiSeq 2500	ftp.sra.ebi.ac.uk/vol1/fastq/ERR455/005/ERR4553855/ERR4553855_1.fastq.gz;ftp.sra.ebi.ac.uk/vol1/fastq/ERR455/005/ERR4553855/ERR4553855_2.fastq.gz	ITM2011-00632
PRJEB39569	SAMEA7280598	ERX4490226	ERR4553856	1773	Mycobacterium tuberculosis	ILLUMINA	Illumina HiSeq 2500	ftp.sra.ebi.ac.uk/vol1/fastq/ERR455/006/ERR4553856/ERR4553856_1.fastq.gz;ftp.sra.ebi.ac.uk/vol1/fastq/ERR455/006/ERR4553856/ERR4553856_2.fastq.gz	ITM2011-00638
PRJEB39569	SAMEA7280599	ERX4490227	ERR4553857	1773	Mycobacterium tuberculosis	ILLUMINA	Illumina HiSeq 2500	ftp.sra.ebi.ac.uk/vol1/fastq/ERR455/007/ERR4553857/ERR4553857_1.fastq.gz;ftp.sra.ebi.ac.uk/vol1/fastq/ERR455/007/ERR4553857/ERR4553857_2.fastq.gz	ITM2011-00911
PRJEB39569	SAMEA7280600	ERX4490228	ERR4553858	1773	Mycobacterium tuberculosis	ILLUMINA	Illumina HiSeq 2500	ftp.sra.ebi.ac.uk/vol1/fastq/ERR455/008/ERR4553858/ERR4553858_1.fastq.gz;ftp.sra.ebi.ac.uk/vol1/fastq/ERR455/008/ERR4553858/ERR4553858_2.fastq.gz	ITM2011-00957
PRJEB39569	SAMEA7280601	ERX4490229	ERR4553859	1773	Mycobacterium tuberculosis	ILLUMINA	Illumina HiSeq 2500	ftp.sra.ebi.ac.uk/vol1/fastq/ERR455/009/ERR4553859/ERR4553859_1.fastq.gz;ftp.sra.ebi.ac.uk/vol1/fastq/ERR455/009/ERR4553859/ERR4553859_2.fastq.gz	ITM2011-00963
PRJEB39569	SAMEA7280602	ERX4490230	ERR4553860	1773	Mycobacterium tuberculosis	ILLUMINA	Illumina HiSeq 2500	ftp.sra.ebi.ac.uk/vol1/fastq/ERR455/000/ERR4553860/ERR4553860_1.fastq.gz;ftp.sra.ebi.ac.uk/vol1/fastq/ERR455/000/ERR4553860/ERR4553860_2.fastq.gz	ITM2011-00971
PRJEB39569	SAMEA7280603	ERX4490231	ERR4553861	1773	Mycobacterium tuberculosis	ILLUMINA	Illumina HiSeq 2500	ftp.sra.ebi.ac.uk/vol1/fastq/ERR455/001/ERR4553861/ERR4553861_1.fastq.gz;ftp.sra.ebi.ac.uk/vol1/fastq/ERR455/001/ERR4553861/ERR4553861_2.fastq.gz	ITM2011-01156
PRJEB39569	SAMEA7280604	ERX4490232	ERR4553862	1773	Mycobacterium tuberculosis	ILLUMINA	Illumina HiSeq 2500	ftp.sra.ebi.ac.uk/vol1/fastq/ERR455/002/ERR4553862/ERR4553862_1.fastq.gz;ftp.sra.ebi.ac.uk/vol1/fastq/ERR455/002/ERR4553862/ERR4553862_2.fastq.gz	ITM2011-01158
PRJEB39569	SAMEA7280605	ERX4490233	ERR4553863	1773	Mycobacterium tuberculosis	ILLUMINA	Illumina HiSeq 2500	ftp.sra.ebi.ac.uk/vol1/fastq/ERR455/003/ERR4553863/ERR4553863_1.fastq.gz;ftp.sra.ebi.ac.uk/vol1/fastq/ERR455/003/ERR4553863/ERR4553863_2.fastq.gz	ITM2011-01160
PRJEB39569	SAMEA7280606	ERX4490234	ERR4553864	1773	Mycobacterium tuberculosis	ILLUMINA	Illumina HiSeq 2500	ftp.sra.ebi.ac.uk/vol1/fastq/ERR455/004/ERR4553864/ERR4553864_1.fastq.gz;ftp.sra.ebi.ac.uk/vol1/fastq/ERR455/004/ERR4553864/ERR4553864_2.fastq.gz	ITM2011-01163
PRJEB39569	SAMEA7280607	ERX4490235	ERR4553865	1773	Mycobacterium tuberculosis	ILLUMINA	Illumina HiSeq 2500	ftp.sra.ebi.ac.uk/vol1/fastq/ERR455/005/ERR4553865/ERR4553865_1.fastq.gz;ftp.sra.ebi.ac.uk/vol1/fastq/ERR455/005/ERR4553865/ERR4553865_2.fastq.gz	ITM2011-01200
PRJEB39569	SAMEA7280608	ERX4490236	ERR4553866	1773	Mycobacterium tuberculosis	ILLUMINA	Illumina HiSeq 2500	ftp.sra.ebi.ac.uk/vol1/fastq/ERR455/006/ERR4553866/ERR4553866_1.fastq.gz;ftp.sra.ebi.ac.uk/vol1/fastq/ERR455/006/ERR4553866/ERR4553866_2.fastq.gz	ITM2011-01203
PRJEB39569	SAMEA7280609	ERX4490237	ERR4553867	1773	Mycobacterium tuberculosis	ILLUMINA	Illumina HiSeq 2500	ftp.sra.ebi.ac.uk/vol1/fastq/ERR455/007/ERR4553867/ERR4553867_1.fastq.gz;ftp.sra.ebi.ac.uk/vol1/fastq/ERR455/007/ERR4553867/ERR4553867_2.fastq.gz	ITM2011-01211
PRJEB39569	SAMEA7280610	ERX4490238	ERR4553868	1773	Mycobacterium tuberculosis	ILLUMINA	Illumina HiSeq 2500	ftp.sra.ebi.ac.uk/vol1/fastq/ERR455/008/ERR4553868/ERR4553868_1.fastq.gz;ftp.sra.ebi.ac.uk/vol1/fastq/ERR455/008/ERR4553868/ERR4553868_2.fastq.gz	ITM2011-01223
PRJEB39569	SAMEA7280611	ERX4490239	ERR4553869	1773	Mycobacterium tuberculosis	ILLUMINA	Illumina HiSeq 2500	ftp.sra.ebi.ac.uk/vol1/fastq/ERR455/009/ERR4553869/ERR4553869_1.fastq.gz;ftp.sra.ebi.ac.uk/vol1/fastq/ERR455/009/ERR4553869/ERR4553869_2.fastq.gz	ITM2011-01237
PRJEB39569	SAMEA7280612	ERX4490240	ERR4553870	1773	Mycobacterium tuberculosis	ILLUMINA	Illumina HiSeq 2500	ftp.sra.ebi.ac.uk/vol1/fastq/ERR455/000/ERR4553870/ERR4553870_1.fastq.gz;ftp.sra.ebi.ac.uk/vol1/fastq/ERR455/000/ERR4553870/ERR4553870_2.fastq.gz	ITM2011-01331
PRJEB39569	SAMEA7280613	ERX4490241	ERR4553871	1773	Mycobacterium tuberculosis	ILLUMINA	Illumina HiSeq 2500	ftp.sra.ebi.ac.uk/vol1/fastq/ERR455/001/ERR4553871/ERR4553871_1.fastq.gz;ftp.sra.ebi.ac.uk/vol1/fastq/ERR455/001/ERR4553871/ERR4553871_2.fastq.gz	ITM2011-01332
PRJEB39569	SAMEA7280614	ERX4490242	ERR4553872	1773	Mycobacterium tuberculosis	ILLUMINA	Illumina HiSeq 2500	ftp.sra.ebi.ac.uk/vol1/fastq/ERR455/002/ERR4553872/ERR4553872_1.fastq.gz;ftp.sra.ebi.ac.uk/vol1/fastq/ERR455/002/ERR4553872/ERR4553872_2.fastq.gz	ITM2011-01346
PRJEB39569	SAMEA7280615	ERX4490243	ERR4553873	1773	Mycobacterium tuberculosis	ILLUMINA	Illumina HiSeq 2500	ftp.sra.ebi.ac.uk/vol1/fastq/ERR455/003/ERR4553873/ERR4553873_1.fastq.gz;ftp.sra.ebi.ac.uk/vol1/fastq/ERR455/003/ERR4553873/ERR4553873_2.fastq.gz	ITM2011-01349
PRJEB39569	SAMEA7280616	ERX4490244	ERR4553874	1773	Mycobacterium tuberculosis	ILLUMINA	Illumina HiSeq 2500	ftp.sra.ebi.ac.uk/vol1/fastq/ERR455/004/ERR4553874/ERR4553874_1.fastq.gz;ftp.sra.ebi.ac.uk/vol1/fastq/ERR455/004/ERR4553874/ERR4553874_2.fastq.gz	ITM2011-01354
PRJEB39569	SAMEA7280617	ERX4490245	ERR4553875	1773	Mycobacterium tuberculosis	ILLUMINA	Illumina HiSeq 2500	ftp.sra.ebi.ac.uk/vol1/fastq/ERR455/005/ERR4553875/ERR4553875_1.fastq.gz;ftp.sra.ebi.ac.uk/vol1/fastq/ERR455/005/ERR4553875/ERR4553875_2.fastq.gz	ITM2011-01359
PRJEB39569	SAMEA7280618	ERX4490246	ERR4553876	1773	Mycobacterium tuberculosis	ILLUMINA	Illumina HiSeq 2500	ftp.sra.ebi.ac.uk/vol1/fastq/ERR455/006/ERR4553876/ERR4553876_1.fastq.gz;ftp.sra.ebi.ac.uk/vol1/fastq/ERR455/006/ERR4553876/ERR4553876_2.fastq.gz	ITM2011-01472
PRJEB39569	SAMEA7280619	ERX4490247	ERR4553877	1773	Mycobacterium tuberculosis	ILLUMINA	Illumina HiSeq 2500	ftp.sra.ebi.ac.uk/vol1/fastq/ERR455/007/ERR4553877/ERR4553877_1.fastq.gz;ftp.sra.ebi.ac.uk/vol1/fastq/ERR455/007/ERR4553877/ERR4553877_2.fastq.gz	ITM2011-01485
PRJEB39569	SAMEA7280620	ERX4490248	ERR4553878	1773	Mycobacterium tuberculosis	ILLUMINA	Illumina HiSeq 2500	ftp.sra.ebi.ac.uk/vol1/fastq/ERR455/008/ERR4553878/ERR4553878_1.fastq.gz;ftp.sra.ebi.ac.uk/vol1/fastq/ERR455/008/ERR4553878/ERR4553878_2.fastq.gz	ITM2011-01487
PRJEB39569	SAMEA7280621	ERX4490249	ERR4553879	1773	Mycobacterium tuberculosis	ILLUMINA	Illumina HiSeq 2500	ftp.sra.ebi.ac.uk/vol1/fastq/ERR455/009/ERR4553879/ERR4553879_1.fastq.gz;ftp.sra.ebi.ac.uk/vol1/fastq/ERR455/009/ERR4553879/ERR4553879_2.fastq.gz	ITM2011-01501
PRJEB39569	SAMEA7280622	ERX4490250	ERR4553880	1773	Mycobacterium tuberculosis	ILLUMINA	Illumina HiSeq 2500	ftp.sra.ebi.ac.uk/vol1/fastq/ERR455/000/ERR4553880/ERR4553880_1.fastq.gz;ftp.sra.ebi.ac.uk/vol1/fastq/ERR455/000/ERR4553880/ERR4553880_2.fastq.gz	ITM2011-01502
PRJEB39569	SAMEA7280623	ERX4490251	ERR4553881	1773	Mycobacterium tuberculosis	ILLUMINA	Illumina HiSeq 2500	ftp.sra.ebi.ac.uk/vol1/fastq/ERR455/001/ERR4553881/ERR4553881_1.fastq.gz;ftp.sra.ebi.ac.uk/vol1/fastq/ERR455/001/ERR4553881/ERR4553881_2.fastq.gz	ITM2011-01507
PRJEB39569	SAMEA7280624	ERX4490252	ERR4553882	1773	Mycobacterium tuberculosis	ILLUMINA	Illumina HiSeq 2500	ftp.sra.ebi.ac.uk/vol1/fastq/ERR455/002/ERR4553882/ERR4553882_1.fastq.gz;ftp.sra.ebi.ac.uk/vol1/fastq/ERR455/002/ERR4553882/ERR4553882_2.fastq.gz	ITM2011-01691
PRJEB39569	SAMEA7280625	ERX4490253	ERR4553883	1773	Mycobacterium tuberculosis	ILLUMINA	Illumina HiSeq 2500	ftp.sra.ebi.ac.uk/vol1/fastq/ERR455/003/ERR4553883/ERR4553883_1.fastq.gz;ftp.sra.ebi.ac.uk/vol1/fastq/ERR455/003/ERR4553883/ERR4553883_2.fastq.gz	ITM2011-02105
PRJEB39569	SAMEA7280626	ERX4490254	ERR4553884	1773	Mycobacterium tuberculosis	ILLUMINA	Illumina HiSeq 2500	ftp.sra.ebi.ac.uk/vol1/fastq/ERR455/004/ERR4553884/ERR4553884_1.fastq.gz;ftp.sra.ebi.ac.uk/vol1/fastq/ERR455/004/ERR4553884/ERR4553884_2.fastq.gz	ITM2011-02117
PRJEB39569	SAMEA7280627	ERX4490255	ERR4553885	1773	Mycobacterium tuberculosis	ILLUMINA	Illumina HiSeq 2500	ftp.sra.ebi.ac.uk/vol1/fastq/ERR455/005/ERR4553885/ERR4553885_1.fastq.gz;ftp.sra.ebi.ac.uk/vol1/fastq/ERR455/005/ERR4553885/ERR4553885_2.fastq.gz	ITM2011-02382
PRJEB39569	SAMEA7280628	ERX4490256	ERR4553886	1773	Mycobacterium tuberculosis	ILLUMINA	Illumina HiSeq 2500	ftp.sra.ebi.ac.uk/vol1/fastq/ERR455/006/ERR4553886/ERR4553886_1.fastq.gz;ftp.sra.ebi.ac.uk/vol1/fastq/ERR455/006/ERR4553886/ERR4553886_2.fastq.gz	ITM2011-02401
PRJEB39569	SAMEA7280629	ERX4490257	ERR4553887	1773	Mycobacterium tuberculosis	ILLUMINA	Illumina HiSeq 2500	ftp.sra.ebi.ac.uk/vol1/fastq/ERR455/007/ERR4553887/ERR4553887_1.fastq.gz;ftp.sra.ebi.ac.uk/vol1/fastq/ERR455/007/ERR4553887/ERR4553887_2.fastq.gz	ITM2011-02404
PRJEB39569	SAMEA7280630	ERX4490258	ERR4553888	1773	Mycobacterium tuberculosis	ILLUMINA	Illumina HiSeq 2500	ftp.sra.ebi.ac.uk/vol1/fastq/ERR455/008/ERR4553888/ERR4553888_1.fastq.gz;ftp.sra.ebi.ac.uk/vol1/fastq/ERR455/008/ERR4553888/ERR4553888_2.fastq.gz	ITM2011-02413
PRJEB39569	SAMEA7280631	ERX4490259	ERR4553889	1773	Mycobacterium tuberculosis	ILLUMINA	Illumina HiSeq 2500	ftp.sra.ebi.ac.uk/vol1/fastq/ERR455/009/ERR4553889/ERR4553889_1.fastq.gz;ftp.sra.ebi.ac.uk/vol1/fastq/ERR455/009/ERR4553889/ERR4553889_2.fastq.gz	ITM2011-02587
PRJEB39569	SAMEA7280632	ERX4490260	ERR4553890	1773	Mycobacterium tuberculosis	ILLUMINA	Illumina HiSeq 2500	ftp.sra.ebi.ac.uk/vol1/fastq/ERR455/000/ERR4553890/ERR4553890_1.fastq.gz;ftp.sra.ebi.ac.uk/vol1/fastq/ERR455/000/ERR4553890/ERR4553890_2.fastq.gz	ITM2012-00034
PRJEB39569	SAMEA7280633	ERX4490261	ERR4553891	1773	Mycobacterium tuberculosis	ILLUMINA	Illumina HiSeq 2500	ftp.sra.ebi.ac.uk/vol1/fastq/ERR455/001/ERR4553891/ERR4553891_1.fastq.gz;ftp.sra.ebi.ac.uk/vol1/fastq/ERR455/001/ERR4553891/ERR4553891_2.fastq.gz	ITM2012-00036
PRJEB39569	SAMEA7280634	ERX4490262	ERR4553892	1773	Mycobacterium tuberculosis	ILLUMINA	Illumina HiSeq 2500	ftp.sra.ebi.ac.uk/vol1/fastq/ERR455/002/ERR4553892/ERR4553892_1.fastq.gz;ftp.sra.ebi.ac.uk/vol1/fastq/ERR455/002/ERR4553892/ERR4553892_2.fastq.gz	ITM2012-00341
PRJEB39569	SAMEA7280635	ERX4490263	ERR4553893	1773	Mycobacterium tuberculosis	ILLUMINA	Illumina HiSeq 2500	ftp.sra.ebi.ac.uk/vol1/fastq/ERR455/003/ERR4553893/ERR4553893_1.fastq.gz;ftp.sra.ebi.ac.uk/vol1/fastq/ERR455/003/ERR4553893/ERR4553893_2.fastq.gz	ITM2012-00363
PRJEB39569	SAMEA7280636	ERX4490264	ERR4553894	1773	Mycobacterium tuberculosis	ILLUMINA	Illumina HiSeq 2500	ftp.sra.ebi.ac.uk/vol1/fastq/ERR455/004/ERR4553894/ERR4553894_1.fastq.gz;ftp.sra.ebi.ac.uk/vol1/fastq/ERR455/004/ERR4553894/ERR4553894_2.fastq.gz	ITM2012-00711
PRJEB39569	SAMEA7280637	ERX4490265	ERR4553895	1773	Mycobacterium tuberculosis	ILLUMINA	Illumina HiSeq 2500	ftp.sra.ebi.ac.uk/vol1/fastq/ERR455/005/ERR4553895/ERR4553895_1.fastq.gz;ftp.sra.ebi.ac.uk/vol1/fastq/ERR455/005/ERR4553895/ERR4553895_2.fastq.gz	ITM2012-00718
PRJEB39569	SAMEA7280638	ERX4490266	ERR4553896	1773	Mycobacterium tuberculosis	ILLUMINA	Illumina HiSeq 2500	ftp.sra.ebi.ac.uk/vol1/fastq/ERR455/006/ERR4553896/ERR4553896_1.fastq.gz;ftp.sra.ebi.ac.uk/vol1/fastq/ERR455/006/ERR4553896/ERR4553896_2.fastq.gz	ITM2012-00846
PRJEB39569	SAMEA7280639	ERX4490267	ERR4553897	1773	Mycobacterium tuberculosis	ILLUMINA	Illumina HiSeq 2500	ftp.sra.ebi.ac.uk/vol1/fastq/ERR455/007/ERR4553897/ERR4553897_1.fastq.gz;ftp.sra.ebi.ac.uk/vol1/fastq/ERR455/007/ERR4553897/ERR4553897_2.fastq.gz	ITM2012-00861
PRJEB39569	SAMEA7280640	ERX4490268	ERR4553898	1773	Mycobacterium tuberculosis	ILLUMINA	Illumina HiSeq 2500	ftp.sra.ebi.ac.uk/vol1/fastq/ERR455/008/ERR4553898/ERR4553898_1.fastq.gz;ftp.sra.ebi.ac.uk/vol1/fastq/ERR455/008/ERR4553898/ERR4553898_2.fastq.gz	ITM2012-00869
PRJEB39569	SAMEA7280641	ERX4490269	ERR4553899	1773	Mycobacterium tuberculosis	ILLUMINA	Illumina HiSeq 2500	ftp.sra.ebi.ac.uk/vol1/fastq/ERR455/009/ERR4553899/ERR4553899_1.fastq.gz;ftp.sra.ebi.ac.uk/vol1/fastq/ERR455/009/ERR4553899/ERR4553899_2.fastq.gz	ITM2012-00871
PRJEB39569	SAMEA7280642	ERX4490270	ERR4553900	1773	Mycobacterium tuberculosis	ILLUMINA	Illumina HiSeq 2500	ftp.sra.ebi.ac.uk/vol1/fastq/ERR455/000/ERR4553900/ERR4553900_1.fastq.gz;ftp.sra.ebi.ac.uk/vol1/fastq/ERR455/000/ERR4553900/ERR4553900_2.fastq.gz	ITM2012-00937
PRJEB39569	SAMEA7280643	ERX4490271	ERR4553901	1773	Mycobacterium tuberculosis	ILLUMINA	Illumina HiSeq 2500	ftp.sra.ebi.ac.uk/vol1/fastq/ERR455/001/ERR4553901/ERR4553901_1.fastq.gz;ftp.sra.ebi.ac.uk/vol1/fastq/ERR455/001/ERR4553901/ERR4553901_2.fastq.gz	ITM2012-01038
PRJEB39569	SAMEA7280644	ERX4490272	ERR4553902	1773	Mycobacterium tuberculosis	ILLUMINA	Illumina HiSeq 2500	ftp.sra.ebi.ac.uk/vol1/fastq/ERR455/002/ERR4553902/ERR4553902_1.fastq.gz;ftp.sra.ebi.ac.uk/vol1/fastq/ERR455/002/ERR4553902/ERR4553902_2.fastq.gz	ITM2012-01271
PRJEB39569	SAMEA7280645	ERX4490273	ERR4553903	1773	Mycobacterium tuberculosis	ILLUMINA	Illumina HiSeq 2500	ftp.sra.ebi.ac.uk/vol1/fastq/ERR455/003/ERR4553903/ERR4553903_1.fastq.gz;ftp.sra.ebi.ac.uk/vol1/fastq/ERR455/003/ERR4553903/ERR4553903_2.fastq.gz	ITM2012-01787
PRJEB39569	SAMEA7280646	ERX4490274	ERR4553904	1773	Mycobacterium tuberculosis	ILLUMINA	Illumina HiSeq 2500	ftp.sra.ebi.ac.uk/vol1/fastq/ERR455/004/ERR4553904/ERR4553904_1.fastq.gz;ftp.sra.ebi.ac.uk/vol1/fastq/ERR455/004/ERR4553904/ERR4553904_2.fastq.gz	ITM2012-01800
PRJEB39569	SAMEA7280647	ERX4490275	ERR4553905	1773	Mycobacterium tuberculosis	ILLUMINA	Illumina HiSeq 2500	ftp.sra.ebi.ac.uk/vol1/fastq/ERR455/005/ERR4553905/ERR4553905_1.fastq.gz;ftp.sra.ebi.ac.uk/vol1/fastq/ERR455/005/ERR4553905/ERR4553905_2.fastq.gz	ITM2012-01804
PRJEB39569	SAMEA7280648	ERX4490276	ERR4553906	1773	Mycobacterium tuberculosis	ILLUMINA	Illumina HiSeq 2500	ftp.sra.ebi.ac.uk/vol1/fastq/ERR455/006/ERR4553906/ERR4553906_1.fastq.gz;ftp.sra.ebi.ac.uk/vol1/fastq/ERR455/006/ERR4553906/ERR4553906_2.fastq.gz	ITM2012-01808
PRJEB39569	SAMEA7280649	ERX4490277	ERR4553907	1773	Mycobacterium tuberculosis	ILLUMINA	Illumina HiSeq 2500	ftp.sra.ebi.ac.uk/vol1/fastq/ERR455/007/ERR4553907/ERR4553907_1.fastq.gz;ftp.sra.ebi.ac.uk/vol1/fastq/ERR455/007/ERR4553907/ERR4553907_2.fastq.gz	ITM2013-00080
PRJEB39569	SAMEA7280650	ERX4490278	ERR4553908	1773	Mycobacterium tuberculosis	ILLUMINA	Illumina HiSeq 2500	ftp.sra.ebi.ac.uk/vol1/fastq/ERR455/008/ERR4553908/ERR4553908_1.fastq.gz;ftp.sra.ebi.ac.uk/vol1/fastq/ERR455/008/ERR4553908/ERR4553908_2.fastq.gz	ITM2013-00223
PRJEB39569	SAMEA7280651	ERX4490279	ERR4553909	1773	Mycobacterium tuberculosis	ILLUMINA	Illumina HiSeq 2500	ftp.sra.ebi.ac.uk/vol1/fastq/ERR455/009/ERR4553909/ERR4553909_1.fastq.gz;ftp.sra.ebi.ac.uk/vol1/fastq/ERR455/009/ERR4553909/ERR4553909_2.fastq.gz	ITM2013-00235
PRJEB39569	SAMEA7280652	ERX4490280	ERR4553910	1773	Mycobacterium tuberculosis	ILLUMINA	Illumina HiSeq 2500	ftp.sra.ebi.ac.uk/vol1/fastq/ERR455/000/ERR4553910/ERR4553910_1.fastq.gz;ftp.sra.ebi.ac.uk/vol1/fastq/ERR455/000/ERR4553910/ERR4553910_2.fastq.gz	ITM2013-00244
PRJEB39569	SAMEA7280653	ERX4490281	ERR4553911	1773	Mycobacterium tuberculosis	ILLUMINA	Illumina HiSeq 2500	ftp.sra.ebi.ac.uk/vol1/fastq/ERR455/001/ERR4553911/ERR4553911_1.fastq.gz;ftp.sra.ebi.ac.uk/vol1/fastq/ERR455/001/ERR4553911/ERR4553911_2.fastq.gz	ITM2013-00267
PRJEB39569	SAMEA7280654	ERX4490282	ERR4553912	1773	Mycobacterium tuberculosis	ILLUMINA	Illumina HiSeq 2500	ftp.sra.ebi.ac.uk/vol1/fastq/ERR455/002/ERR4553912/ERR4553912_1.fastq.gz;ftp.sra.ebi.ac.uk/vol1/fastq/ERR455/002/ERR4553912/ERR4553912_2.fastq.gz	ITM2013-00549
PRJEB39569	SAMEA7280655	ERX4490283	ERR4553913	1773	Mycobacterium tuberculosis	ILLUMINA	Illumina HiSeq 2500	ftp.sra.ebi.ac.uk/vol1/fastq/ERR455/003/ERR4553913/ERR4553913_1.fastq.gz;ftp.sra.ebi.ac.uk/vol1/fastq/ERR455/003/ERR4553913/ERR4553913_2.fastq.gz	ITM2013-00557
PRJEB39569	SAMEA7280656	ERX4490284	ERR4553914	1773	Mycobacterium tuberculosis	ILLUMINA	Illumina HiSeq 2500	ftp.sra.ebi.ac.uk/vol1/fastq/ERR455/004/ERR4553914/ERR4553914_1.fastq.gz;ftp.sra.ebi.ac.uk/vol1/fastq/ERR455/004/ERR4553914/ERR4553914_2.fastq.gz	ITM2013-00561
PRJEB39569	SAMEA7280657	ERX4490285	ERR4553915	1773	Mycobacterium tuberculosis	ILLUMINA	Illumina HiSeq 2500	ftp.sra.ebi.ac.uk/vol1/fastq/ERR455/005/ERR4553915/ERR4553915_1.fastq.gz;ftp.sra.ebi.ac.uk/vol1/fastq/ERR455/005/ERR4553915/ERR4553915_2.fastq.gz	ITM2013-00572
PRJEB39569	SAMEA7280658	ERX4490286	ERR4553916	1773	Mycobacterium tuberculosis	ILLUMINA	Illumina HiSeq 2500	ftp.sra.ebi.ac.uk/vol1/fastq/ERR455/006/ERR4553916/ERR4553916_1.fastq.gz;ftp.sra.ebi.ac.uk/vol1/fastq/ERR455/006/ERR4553916/ERR4553916_2.fastq.gz	ITM2013-00990
PRJEB39569	SAMEA7280659	ERX4490287	ERR4553917	1773	Mycobacterium tuberculosis	ILLUMINA	Illumina HiSeq 2500	ftp.sra.ebi.ac.uk/vol1/fastq/ERR455/007/ERR4553917/ERR4553917_1.fastq.gz;ftp.sra.ebi.ac.uk/vol1/fastq/ERR455/007/ERR4553917/ERR4553917_2.fastq.gz	ITM2013-01011
PRJEB39569	SAMEA7280660	ERX4490288	ERR4553918	1773	Mycobacterium tuberculosis	ILLUMINA	Illumina HiSeq 2500	ftp.sra.ebi.ac.uk/vol1/fastq/ERR455/008/ERR4553918/ERR4553918_1.fastq.gz;ftp.sra.ebi.ac.uk/vol1/fastq/ERR455/008/ERR4553918/ERR4553918_2.fastq.gz	ITM2013-01037
PRJEB39569	SAMEA7280661	ERX4490289	ERR4553919	1773	Mycobacterium tuberculosis	ILLUMINA	Illumina HiSeq 2500	ftp.sra.ebi.ac.uk/vol1/fastq/ERR455/009/ERR4553919/ERR4553919_1.fastq.gz;ftp.sra.ebi.ac.uk/vol1/fastq/ERR455/009/ERR4553919/ERR4553919_2.fastq.gz	ITM2013-01039
PRJEB39569	SAMEA7280662	ERX4490290	ERR4553920	1773	Mycobacterium tuberculosis	ILLUMINA	Illumina HiSeq 2500	ftp.sra.ebi.ac.uk/vol1/fastq/ERR455/000/ERR4553920/ERR4553920_1.fastq.gz;ftp.sra.ebi.ac.uk/vol1/fastq/ERR455/000/ERR4553920/ERR4553920_2.fastq.gz	ITM2013-01041
PRJEB39569	SAMEA7280663	ERX4490291	ERR4553921	1773	Mycobacterium tuberculosis	ILLUMINA	Illumina HiSeq 2500	ftp.sra.ebi.ac.uk/vol1/fastq/ERR455/001/ERR4553921/ERR4553921_1.fastq.gz;ftp.sra.ebi.ac.uk/vol1/fastq/ERR455/001/ERR4553921/ERR4553921_2.fastq.gz	ITM2013-01055
PRJEB39569	SAMEA7280664	ERX4490292	ERR4553922	1773	Mycobacterium tuberculosis	ILLUMINA	Illumina HiSeq 2500	ftp.sra.ebi.ac.uk/vol1/fastq/ERR455/002/ERR4553922/ERR4553922_1.fastq.gz;ftp.sra.ebi.ac.uk/vol1/fastq/ERR455/002/ERR4553922/ERR4553922_2.fastq.gz	ITM2013-01307
PRJEB39569	SAMEA7280665	ERX4490293	ERR4553923	1773	Mycobacterium tuberculosis	ILLUMINA	Illumina HiSeq 2500	ftp.sra.ebi.ac.uk/vol1/fastq/ERR455/003/ERR4553923/ERR4553923_1.fastq.gz;ftp.sra.ebi.ac.uk/vol1/fastq/ERR455/003/ERR4553923/ERR4553923_2.fastq.gz	ITM2013-01781
PRJEB39569	SAMEA7280666	ERX4490294	ERR4553924	1773	Mycobacterium tuberculosis	ILLUMINA	Illumina HiSeq 2500	ftp.sra.ebi.ac.uk/vol1/fastq/ERR455/004/ERR4553924/ERR4553924_1.fastq.gz;ftp.sra.ebi.ac.uk/vol1/fastq/ERR455/004/ERR4553924/ERR4553924_2.fastq.gz	ITM2013-02210
PRJEB39569	SAMEA7280667	ERX4490295	ERR4553925	1773	Mycobacterium tuberculosis	ILLUMINA	Illumina HiSeq 2500	ftp.sra.ebi.ac.uk/vol1/fastq/ERR455/005/ERR4553925/ERR4553925_1.fastq.gz;ftp.sra.ebi.ac.uk/vol1/fastq/ERR455/005/ERR4553925/ERR4553925_2.fastq.gz	ITM2013-02224
PRJEB39569	SAMEA7280669	ERX4490296	ERR4553926	1773	Mycobacterium tuberculosis	ILLUMINA	Illumina HiSeq 2500	ftp.sra.ebi.ac.uk/vol1/fastq/ERR455/006/ERR4553926/ERR4553926_1.fastq.gz;ftp.sra.ebi.ac.uk/vol1/fastq/ERR455/006/ERR4553926/ERR4553926_2.fastq.gz	ITM2013-02232
PRJEB39569	SAMEA7280670	ERX4490297	ERR4553927	1773	Mycobacterium tuberculosis	ILLUMINA	Illumina HiSeq 2500	ftp.sra.ebi.ac.uk/vol1/fastq/ERR455/007/ERR4553927/ERR4553927_1.fastq.gz;ftp.sra.ebi.ac.uk/vol1/fastq/ERR455/007/ERR4553927/ERR4553927_2.fastq.gz	ITM2013-02847
PRJEB39569	SAMEA7280671	ERX4490298	ERR4553928	1773	Mycobacterium tuberculosis	ILLUMINA	Illumina HiSeq 2500	ftp.sra.ebi.ac.uk/vol1/fastq/ERR455/008/ERR4553928/ERR4553928_1.fastq.gz;ftp.sra.ebi.ac.uk/vol1/fastq/ERR455/008/ERR4553928/ERR4553928_2.fastq.gz	ITM2014-00348
PRJEB39569	SAMEA7280672	ERX4490299	ERR4553929	1773	Mycobacterium tuberculosis	ILLUMINA	Illumina HiSeq 2500	ftp.sra.ebi.ac.uk/vol1/fastq/ERR455/009/ERR4553929/ERR4553929_1.fastq.gz;ftp.sra.ebi.ac.uk/vol1/fastq/ERR455/009/ERR4553929/ERR4553929_2.fastq.gz	ITM2014-00349
PRJEB39569	SAMEA7280673	ERX4490300	ERR4553930	1773	Mycobacterium tuberculosis	ILLUMINA	Illumina HiSeq 2500	ftp.sra.ebi.ac.uk/vol1/fastq/ERR455/000/ERR4553930/ERR4553930_1.fastq.gz;ftp.sra.ebi.ac.uk/vol1/fastq/ERR455/000/ERR4553930/ERR4553930_2.fastq.gz	ITM2014-00358
PRJEB39569	SAMEA7280674	ERX4490301	ERR4553931	1773	Mycobacterium tuberculosis	ILLUMINA	Illumina HiSeq 2500	ftp.sra.ebi.ac.uk/vol1/fastq/ERR455/001/ERR4553931/ERR4553931_1.fastq.gz;ftp.sra.ebi.ac.uk/vol1/fastq/ERR455/001/ERR4553931/ERR4553931_2.fastq.gz	ITM2014-00372
PRJEB39569	SAMEA7280675	ERX4490302	ERR4553932	1773	Mycobacterium tuberculosis	ILLUMINA	Illumina HiSeq 2500	ftp.sra.ebi.ac.uk/vol1/fastq/ERR455/002/ERR4553932/ERR4553932_1.fastq.gz;ftp.sra.ebi.ac.uk/vol1/fastq/ERR455/002/ERR4553932/ERR4553932_2.fastq.gz	ITM2014-00384
PRJEB39569	SAMEA7280676	ERX4490303	ERR4553933	1773	Mycobacterium tuberculosis	ILLUMINA	Illumina HiSeq 2500	ftp.sra.ebi.ac.uk/vol1/fastq/ERR455/003/ERR4553933/ERR4553933_1.fastq.gz;ftp.sra.ebi.ac.uk/vol1/fastq/ERR455/003/ERR4553933/ERR4553933_2.fastq.gz	ITM2014-00395
PRJEB39569	SAMEA7280677	ERX4490304	ERR4553934	1773	Mycobacterium tuberculosis	ILLUMINA	Illumina HiSeq 2500	ftp.sra.ebi.ac.uk/vol1/fastq/ERR455/004/ERR4553934/ERR4553934_1.fastq.gz;ftp.sra.ebi.ac.uk/vol1/fastq/ERR455/004/ERR4553934/ERR4553934_2.fastq.gz	ITM2014-00405
PRJEB39569	SAMEA7280678	ERX4490305	ERR4553935	1773	Mycobacterium tuberculosis	ILLUMINA	Illumina HiSeq 2500	ftp.sra.ebi.ac.uk/vol1/fastq/ERR455/005/ERR4553935/ERR4553935_1.fastq.gz;ftp.sra.ebi.ac.uk/vol1/fastq/ERR455/005/ERR4553935/ERR4553935_2.fastq.gz	ITM2014-01061
PRJEB39569	SAMEA7280679	ERX4490306	ERR4553936	1773	Mycobacterium tuberculosis	ILLUMINA	Illumina HiSeq 2500	ftp.sra.ebi.ac.uk/vol1/fastq/ERR455/006/ERR4553936/ERR4553936_1.fastq.gz;ftp.sra.ebi.ac.uk/vol1/fastq/ERR455/006/ERR4553936/ERR4553936_2.fastq.gz	ITM2014-01128
PRJEB39569	SAMEA7280680	ERX4490307	ERR4553937	1773	Mycobacterium tuberculosis	ILLUMINA	Illumina HiSeq 2500	ftp.sra.ebi.ac.uk/vol1/fastq/ERR455/007/ERR4553937/ERR4553937_1.fastq.gz;ftp.sra.ebi.ac.uk/vol1/fastq/ERR455/007/ERR4553937/ERR4553937_2.fastq.gz	ITM2014-01140
PRJEB39569	SAMEA7280681	ERX4490308	ERR4553938	1773	Mycobacterium tuberculosis	ILLUMINA	Illumina HiSeq 2500	ftp.sra.ebi.ac.uk/vol1/fastq/ERR455/008/ERR4553938/ERR4553938_1.fastq.gz;ftp.sra.ebi.ac.uk/vol1/fastq/ERR455/008/ERR4553938/ERR4553938_2.fastq.gz	ITM2014-01147
PRJEB39569	SAMEA7280682	ERX4490309	ERR4553939	1773	Mycobacterium tuberculosis	ILLUMINA	Illumina HiSeq 2500	ftp.sra.ebi.ac.uk/vol1/fastq/ERR455/009/ERR4553939/ERR4553939_1.fastq.gz;ftp.sra.ebi.ac.uk/vol1/fastq/ERR455/009/ERR4553939/ERR4553939_2.fastq.gz	ITM2014-01169
PRJEB39569	SAMEA7280683	ERX4490310	ERR4553940	1773	Mycobacterium tuberculosis	ILLUMINA	Illumina HiSeq 2500	ftp.sra.ebi.ac.uk/vol1/fastq/ERR455/000/ERR4553940/ERR4553940_1.fastq.gz;ftp.sra.ebi.ac.uk/vol1/fastq/ERR455/000/ERR4553940/ERR4553940_2.fastq.gz	ITM2014-01192
PRJEB39569	SAMEA7280684	ERX4490311	ERR4553941	1773	Mycobacterium tuberculosis	ILLUMINA	Illumina HiSeq 2500	ftp.sra.ebi.ac.uk/vol1/fastq/ERR455/001/ERR4553941/ERR4553941_1.fastq.gz;ftp.sra.ebi.ac.uk/vol1/fastq/ERR455/001/ERR4553941/ERR4553941_2.fastq.gz	ITM2014-01194
PRJEB39569	SAMEA7280685	ERX4490312	ERR4553942	1773	Mycobacterium tuberculosis	ILLUMINA	Illumina HiSeq 2500	ftp.sra.ebi.ac.uk/vol1/fastq/ERR455/002/ERR4553942/ERR4553942_1.fastq.gz;ftp.sra.ebi.ac.uk/vol1/fastq/ERR455/002/ERR4553942/ERR4553942_2.fastq.gz	ITM2014-01383
PRJEB39569	SAMEA7280686	ERX4490313	ERR4553943	1773	Mycobacterium tuberculosis	ILLUMINA	Illumina HiSeq 2500	ftp.sra.ebi.ac.uk/vol1/fastq/ERR455/003/ERR4553943/ERR4553943_1.fastq.gz;ftp.sra.ebi.ac.uk/vol1/fastq/ERR455/003/ERR4553943/ERR4553943_2.fastq.gz	ITM2014-01390
PRJEB39569	SAMEA7280687	ERX4490314	ERR4553944	1773	Mycobacterium tuberculosis	ILLUMINA	Illumina HiSeq 2500	ftp.sra.ebi.ac.uk/vol1/fastq/ERR455/004/ERR4553944/ERR4553944_1.fastq.gz;ftp.sra.ebi.ac.uk/vol1/fastq/ERR455/004/ERR4553944/ERR4553944_2.fastq.gz	ITM2014-01392
PRJEB39569	SAMEA7280688	ERX4490315	ERR4553945	1773	Mycobacterium tuberculosis	ILLUMINA	Illumina HiSeq 2500	ftp.sra.ebi.ac.uk/vol1/fastq/ERR455/005/ERR4553945/ERR4553945_1.fastq.gz;ftp.sra.ebi.ac.uk/vol1/fastq/ERR455/005/ERR4553945/ERR4553945_2.fastq.gz	ITM2014-01428
PRJEB39569	SAMEA7280689	ERX4490316	ERR4553946	1773	Mycobacterium tuberculosis	ILLUMINA	Illumina HiSeq 2500	ftp.sra.ebi.ac.uk/vol1/fastq/ERR455/006/ERR4553946/ERR4553946_1.fastq.gz;ftp.sra.ebi.ac.uk/vol1/fastq/ERR455/006/ERR4553946/ERR4553946_2.fastq.gz	ITM2014-01430
PRJEB39569	SAMEA7280690	ERX4490317	ERR4553947	1773	Mycobacterium tuberculosis	ILLUMINA	Illumina HiSeq 2500	ftp.sra.ebi.ac.uk/vol1/fastq/ERR455/007/ERR4553947/ERR4553947_1.fastq.gz;ftp.sra.ebi.ac.uk/vol1/fastq/ERR455/007/ERR4553947/ERR4553947_2.fastq.gz	ITM2014-01986
PRJEB39569	SAMEA7280691	ERX4490318	ERR4553948	1773	Mycobacterium tuberculosis	ILLUMINA	Illumina HiSeq 2500	ftp.sra.ebi.ac.uk/vol1/fastq/ERR455/008/ERR4553948/ERR4553948_1.fastq.gz;ftp.sra.ebi.ac.uk/vol1/fastq/ERR455/008/ERR4553948/ERR4553948_2.fastq.gz	ITM2014-02006
PRJEB39569	SAMEA7280692	ERX4490319	ERR4553949	1773	Mycobacterium tuberculosis	ILLUMINA	Illumina HiSeq 2500	ftp.sra.ebi.ac.uk/vol1/fastq/ERR455/009/ERR4553949/ERR4553949_1.fastq.gz;ftp.sra.ebi.ac.uk/vol1/fastq/ERR455/009/ERR4553949/ERR4553949_2.fastq.gz	ITM2014-02008
PRJEB39569	SAMEA7280693	ERX4490320	ERR4553950	1773	Mycobacterium tuberculosis	ILLUMINA	Illumina HiSeq 2500	ftp.sra.ebi.ac.uk/vol1/fastq/ERR455/000/ERR4553950/ERR4553950_1.fastq.gz;ftp.sra.ebi.ac.uk/vol1/fastq/ERR455/000/ERR4553950/ERR4553950_2.fastq.gz	ITM2014-02259
PRJEB39569	SAMEA7280694	ERX4490321	ERR4553951	1773	Mycobacterium tuberculosis	ILLUMINA	Illumina HiSeq 2500	ftp.sra.ebi.ac.uk/vol1/fastq/ERR455/001/ERR4553951/ERR4553951_1.fastq.gz;ftp.sra.ebi.ac.uk/vol1/fastq/ERR455/001/ERR4553951/ERR4553951_2.fastq.gz	ITM2014-02264
PRJEB39569	SAMEA7280695	ERX4490322	ERR4553952	1773	Mycobacterium tuberculosis	ILLUMINA	Illumina HiSeq 2500	ftp.sra.ebi.ac.uk/vol1/fastq/ERR455/002/ERR4553952/ERR4553952_1.fastq.gz;ftp.sra.ebi.ac.uk/vol1/fastq/ERR455/002/ERR4553952/ERR4553952_2.fastq.gz	ITM2014-02284
PRJEB39569	SAMEA7280696	ERX4490323	ERR4553953	1773	Mycobacterium tuberculosis	ILLUMINA	Illumina HiSeq 2500	ftp.sra.ebi.ac.uk/vol1/fastq/ERR455/003/ERR4553953/ERR4553953_1.fastq.gz;ftp.sra.ebi.ac.uk/vol1/fastq/ERR455/003/ERR4553953/ERR4553953_2.fastq.gz	ITM2014-02286
PRJEB39569	SAMEA7280697	ERX4490324	ERR4553954	1773	Mycobacterium tuberculosis	ILLUMINA	Illumina HiSeq 2500	ftp.sra.ebi.ac.uk/vol1/fastq/ERR455/004/ERR4553954/ERR4553954_1.fastq.gz;ftp.sra.ebi.ac.uk/vol1/fastq/ERR455/004/ERR4553954/ERR4553954_2.fastq.gz	ITM2014-02290
PRJEB39569	SAMEA7280698	ERX4490325	ERR4553955	1773	Mycobacterium tuberculosis	ILLUMINA	Illumina HiSeq 2500	ftp.sra.ebi.ac.uk/vol1/fastq/ERR455/005/ERR4553955/ERR4553955_1.fastq.gz;ftp.sra.ebi.ac.uk/vol1/fastq/ERR455/005/ERR4553955/ERR4553955_2.fastq.gz	ITM2015-00171
PRJEB39569	SAMEA7280699	ERX4490326	ERR4553956	1773	Mycobacterium tuberculosis	ILLUMINA	Illumina HiSeq 2500	ftp.sra.ebi.ac.uk/vol1/fastq/ERR455/006/ERR4553956/ERR4553956_1.fastq.gz;ftp.sra.ebi.ac.uk/vol1/fastq/ERR455/006/ERR4553956/ERR4553956_2.fastq.gz	ITM2015-00180
PRJEB39569	SAMEA7280700	ERX4490327	ERR4553957	1773	Mycobacterium tuberculosis	ILLUMINA	Illumina HiSeq 2500	ftp.sra.ebi.ac.uk/vol1/fastq/ERR455/007/ERR4553957/ERR4553957_1.fastq.gz;ftp.sra.ebi.ac.uk/vol1/fastq/ERR455/007/ERR4553957/ERR4553957_2.fastq.gz	ITM2015-00187
PRJEB39569	SAMEA7280701	ERX4490328	ERR4553958	1773	Mycobacterium tuberculosis	ILLUMINA	Illumina HiSeq 2500	ftp.sra.ebi.ac.uk/vol1/fastq/ERR455/008/ERR4553958/ERR4553958_1.fastq.gz;ftp.sra.ebi.ac.uk/vol1/fastq/ERR455/008/ERR4553958/ERR4553958_2.fastq.gz	ITM2015-00204
PRJEB39569	SAMEA7280702	ERX4490329	ERR4553959	1773	Mycobacterium tuberculosis	ILLUMINA	Illumina HiSeq 2500	ftp.sra.ebi.ac.uk/vol1/fastq/ERR455/009/ERR4553959/ERR4553959_1.fastq.gz;ftp.sra.ebi.ac.uk/vol1/fastq/ERR455/009/ERR4553959/ERR4553959_2.fastq.gz	ITM2015-00211
PRJEB39569	SAMEA7280703	ERX4490330	ERR4553960	1773	Mycobacterium tuberculosis	ILLUMINA	Illumina HiSeq 2500	ftp.sra.ebi.ac.uk/vol1/fastq/ERR455/000/ERR4553960/ERR4553960_1.fastq.gz;ftp.sra.ebi.ac.uk/vol1/fastq/ERR455/000/ERR4553960/ERR4553960_2.fastq.gz	ITM2015-00230
PRJEB39569	SAMEA7280704	ERX4490331	ERR4553961	1773	Mycobacterium tuberculosis	ILLUMINA	Illumina HiSeq 2500	ftp.sra.ebi.ac.uk/vol1/fastq/ERR455/001/ERR4553961/ERR4553961_1.fastq.gz;ftp.sra.ebi.ac.uk/vol1/fastq/ERR455/001/ERR4553961/ERR4553961_2.fastq.gz	ITM2015-00237
PRJEB39569	SAMEA7280705	ERX4490332	ERR4553962	1773	Mycobacterium tuberculosis	ILLUMINA	Illumina HiSeq 2500	ftp.sra.ebi.ac.uk/vol1/fastq/ERR455/002/ERR4553962/ERR4553962_1.fastq.gz;ftp.sra.ebi.ac.uk/vol1/fastq/ERR455/002/ERR4553962/ERR4553962_2.fastq.gz	ITM2015-00810
PRJEB39569	SAMEA7280706	ERX4490333	ERR4553963	1773	Mycobacterium tuberculosis	ILLUMINA	Illumina HiSeq 2500	ftp.sra.ebi.ac.uk/vol1/fastq/ERR455/003/ERR4553963/ERR4553963_1.fastq.gz;ftp.sra.ebi.ac.uk/vol1/fastq/ERR455/003/ERR4553963/ERR4553963_2.fastq.gz	ITM2015-00811
PRJEB39569	SAMEA7280707	ERX4490334	ERR4553964	1773	Mycobacterium tuberculosis	ILLUMINA	Illumina HiSeq 2500	ftp.sra.ebi.ac.uk/vol1/fastq/ERR455/004/ERR4553964/ERR4553964_1.fastq.gz;ftp.sra.ebi.ac.uk/vol1/fastq/ERR455/004/ERR4553964/ERR4553964_2.fastq.gz	ITM2015-00830
PRJEB39569	SAMEA7280708	ERX4490335	ERR4553965	1773	Mycobacterium tuberculosis	ILLUMINA	Illumina HiSeq 2500	ftp.sra.ebi.ac.uk/vol1/fastq/ERR455/005/ERR4553965/ERR4553965_1.fastq.gz;ftp.sra.ebi.ac.uk/vol1/fastq/ERR455/005/ERR4553965/ERR4553965_2.fastq.gz	ITM2015-00853
PRJEB39569	SAMEA7280709	ERX4490336	ERR4553966	1773	Mycobacterium tuberculosis	ILLUMINA	Illumina HiSeq 2500	ftp.sra.ebi.ac.uk/vol1/fastq/ERR455/006/ERR4553966/ERR4553966_1.fastq.gz;ftp.sra.ebi.ac.uk/vol1/fastq/ERR455/006/ERR4553966/ERR4553966_2.fastq.gz	ITM2015-02163
PRJEB39569	SAMEA7280710	ERX4490337	ERR4553967	1773	Mycobacterium tuberculosis	ILLUMINA	Illumina HiSeq 2500	ftp.sra.ebi.ac.uk/vol1/fastq/ERR455/007/ERR4553967/ERR4553967_1.fastq.gz;ftp.sra.ebi.ac.uk/vol1/fastq/ERR455/007/ERR4553967/ERR4553967_2.fastq.gz	ITM2015-02168
PRJEB39569	SAMEA7280711	ERX4490338	ERR4553968	1773	Mycobacterium tuberculosis	ILLUMINA	Illumina HiSeq 2500	ftp.sra.ebi.ac.uk/vol1/fastq/ERR455/008/ERR4553968/ERR4553968_1.fastq.gz;ftp.sra.ebi.ac.uk/vol1/fastq/ERR455/008/ERR4553968/ERR4553968_2.fastq.gz	ITM2015-02173
PRJEB39569	SAMEA7280712	ERX4490339	ERR4553969	1773	Mycobacterium tuberculosis	ILLUMINA	Illumina HiSeq 2500	ftp.sra.ebi.ac.uk/vol1/fastq/ERR455/009/ERR4553969/ERR4553969_1.fastq.gz;ftp.sra.ebi.ac.uk/vol1/fastq/ERR455/009/ERR4553969/ERR4553969_2.fastq.gz	ITM2015-02193
PRJEB39569	SAMEA7280713	ERX4490340	ERR4553970	1773	Mycobacterium tuberculosis	ILLUMINA	Illumina HiSeq 2500	ftp.sra.ebi.ac.uk/vol1/fastq/ERR455/000/ERR4553970/ERR4553970_1.fastq.gz;ftp.sra.ebi.ac.uk/vol1/fastq/ERR455/000/ERR4553970/ERR4553970_2.fastq.gz	ITM2015-02219
PRJEB39569	SAMEA7280714	ERX4490341	ERR4553971	1773	Mycobacterium tuberculosis	ILLUMINA	Illumina HiSeq 2500	ftp.sra.ebi.ac.uk/vol1/fastq/ERR455/001/ERR4553971/ERR4553971_1.fastq.gz;ftp.sra.ebi.ac.uk/vol1/fastq/ERR455/001/ERR4553971/ERR4553971_2.fastq.gz	ITM2015-02571
PRJEB39569	SAMEA7280715	ERX4490342	ERR4553972	1773	Mycobacterium tuberculosis	ILLUMINA	Illumina HiSeq 2500	ftp.sra.ebi.ac.uk/vol1/fastq/ERR455/002/ERR4553972/ERR4553972_1.fastq.gz;ftp.sra.ebi.ac.uk/vol1/fastq/ERR455/002/ERR4553972/ERR4553972_2.fastq.gz	ITM2015-02612
PRJEB39569	SAMEA7280716	ERX4490343	ERR4553973	1773	Mycobacterium tuberculosis	ILLUMINA	Illumina HiSeq 2500	ftp.sra.ebi.ac.uk/vol1/fastq/ERR455/003/ERR4553973/ERR4553973_1.fastq.gz;ftp.sra.ebi.ac.uk/vol1/fastq/ERR455/003/ERR4553973/ERR4553973_2.fastq.gz	ITM2015-02615
PRJEB39569	SAMEA7280717	ERX4490344	ERR4553974	1773	Mycobacterium tuberculosis	ILLUMINA	Illumina HiSeq 2500	ftp.sra.ebi.ac.uk/vol1/fastq/ERR455/004/ERR4553974/ERR4553974_1.fastq.gz;ftp.sra.ebi.ac.uk/vol1/fastq/ERR455/004/ERR4553974/ERR4553974_2.fastq.gz	ITM2015-02624
PRJEB39569	SAMEA7280718	ERX4490345	ERR4553975	1773	Mycobacterium tuberculosis	ILLUMINA	Illumina HiSeq 2500	ftp.sra.ebi.ac.uk/vol1/fastq/ERR455/005/ERR4553975/ERR4553975_1.fastq.gz;ftp.sra.ebi.ac.uk/vol1/fastq/ERR455/005/ERR4553975/ERR4553975_2.fastq.gz	ITM2015-02653
PRJEB39569	SAMEA7280719	ERX4490346	ERR4553976	1773	Mycobacterium tuberculosis	ILLUMINA	Illumina HiSeq 2500	ftp.sra.ebi.ac.uk/vol1/fastq/ERR455/006/ERR4553976/ERR4553976_1.fastq.gz;ftp.sra.ebi.ac.uk/vol1/fastq/ERR455/006/ERR4553976/ERR4553976_2.fastq.gz	ITM2016-00939
PRJEB39569	SAMEA7280720	ERX4490347	ERR4553977	1773	Mycobacterium tuberculosis	ILLUMINA	Illumina HiSeq 2500	ftp.sra.ebi.ac.uk/vol1/fastq/ERR455/007/ERR4553977/ERR4553977_1.fastq.gz;ftp.sra.ebi.ac.uk/vol1/fastq/ERR455/007/ERR4553977/ERR4553977_2.fastq.gz	ITM2016-00949
PRJEB39569	SAMEA7280721	ERX4490348	ERR4553978	1773	Mycobacterium tuberculosis	ILLUMINA	Illumina HiSeq 2500	ftp.sra.ebi.ac.uk/vol1/fastq/ERR455/008/ERR4553978/ERR4553978_1.fastq.gz;ftp.sra.ebi.ac.uk/vol1/fastq/ERR455/008/ERR4553978/ERR4553978_2.fastq.gz	ITM2016-00987
PRJEB39569	SAMEA7280722	ERX4490349	ERR4553979	1773	Mycobacterium tuberculosis	ILLUMINA	Illumina HiSeq 2500	ftp.sra.ebi.ac.uk/vol1/fastq/ERR455/009/ERR4553979/ERR4553979_1.fastq.gz;ftp.sra.ebi.ac.uk/vol1/fastq/ERR455/009/ERR4553979/ERR4553979_2.fastq.gz	ITM2016-01308
PRJEB39569	SAMEA7280723	ERX4490350	ERR4553980	1773	Mycobacterium tuberculosis	ILLUMINA	Illumina HiSeq 2500	ftp.sra.ebi.ac.uk/vol1/fastq/ERR455/000/ERR4553980/ERR4553980_1.fastq.gz;ftp.sra.ebi.ac.uk/vol1/fastq/ERR455/000/ERR4553980/ERR4553980_2.fastq.gz	ITM2016-01318
PRJEB39569	SAMEA7280724	ERX4490351	ERR4553981	1773	Mycobacterium tuberculosis	ILLUMINA	Illumina HiSeq 2500	ftp.sra.ebi.ac.uk/vol1/fastq/ERR455/001/ERR4553981/ERR4553981_1.fastq.gz;ftp.sra.ebi.ac.uk/vol1/fastq/ERR455/001/ERR4553981/ERR4553981_2.fastq.gz	ITM2016-01325
PRJEB39569	SAMEA7280725	ERX4490352	ERR4553982	1773	Mycobacterium tuberculosis	ILLUMINA	Illumina HiSeq 2500	ftp.sra.ebi.ac.uk/vol1/fastq/ERR455/002/ERR4553982/ERR4553982_1.fastq.gz;ftp.sra.ebi.ac.uk/vol1/fastq/ERR455/002/ERR4553982/ERR4553982_2.fastq.gz	ITM2016-01346
PRJEB39569	SAMEA7280726	ERX4490353	ERR4553983	1773	Mycobacterium tuberculosis	ILLUMINA	Illumina HiSeq 2500	ftp.sra.ebi.ac.uk/vol1/fastq/ERR455/003/ERR4553983/ERR4553983_1.fastq.gz;ftp.sra.ebi.ac.uk/vol1/fastq/ERR455/003/ERR4553983/ERR4553983_2.fastq.gz	ITM2016-01355
PRJEB39569	SAMEA7280727	ERX4490354	ERR4553984	1773	Mycobacterium tuberculosis	ILLUMINA	Illumina HiSeq 2500	ftp.sra.ebi.ac.uk/vol1/fastq/ERR455/004/ERR4553984/ERR4553984_1.fastq.gz;ftp.sra.ebi.ac.uk/vol1/fastq/ERR455/004/ERR4553984/ERR4553984_2.fastq.gz	ITM2016-01363
PRJEB39569	SAMEA7280728	ERX4490355	ERR4553985	1773	Mycobacterium tuberculosis	ILLUMINA	Illumina HiSeq 2500	ftp.sra.ebi.ac.uk/vol1/fastq/ERR455/005/ERR4553985/ERR4553985_1.fastq.gz;ftp.sra.ebi.ac.uk/vol1/fastq/ERR455/005/ERR4553985/ERR4553985_2.fastq.gz	ITM2016-01375
PRJEB39569	SAMEA7280729	ERX4490356	ERR4553986	1773	Mycobacterium tuberculosis	ILLUMINA	Illumina HiSeq 2500	ftp.sra.ebi.ac.uk/vol1/fastq/ERR455/006/ERR4553986/ERR4553986_1.fastq.gz;ftp.sra.ebi.ac.uk/vol1/fastq/ERR455/006/ERR4553986/ERR4553986_2.fastq.gz	ITM2016-01377
PRJEB39569	SAMEA7280730	ERX4490357	ERR4553987	1773	Mycobacterium tuberculosis	ILLUMINA	Illumina HiSeq 2500	ftp.sra.ebi.ac.uk/vol1/fastq/ERR455/007/ERR4553987/ERR4553987_1.fastq.gz;ftp.sra.ebi.ac.uk/vol1/fastq/ERR455/007/ERR4553987/ERR4553987_2.fastq.gz	ITM2016-01378
PRJEB39569	SAMEA7280731	ERX4490358	ERR4553988	1773	Mycobacterium tuberculosis	ILLUMINA	Illumina HiSeq 2500	ftp.sra.ebi.ac.uk/vol1/fastq/ERR455/008/ERR4553988/ERR4553988_1.fastq.gz;ftp.sra.ebi.ac.uk/vol1/fastq/ERR455/008/ERR4553988/ERR4553988_2.fastq.gz	ITM2016-01384
PRJEB39569	SAMEA7280732	ERX4490359	ERR4553989	1773	Mycobacterium tuberculosis	ILLUMINA	Illumina HiSeq 2500	ftp.sra.ebi.ac.uk/vol1/fastq/ERR455/009/ERR4553989/ERR4553989_1.fastq.gz;ftp.sra.ebi.ac.uk/vol1/fastq/ERR455/009/ERR4553989/ERR4553989_2.fastq.gz	ITM2016-01386
PRJEB39569	SAMEA7280733	ERX4490360	ERR4553990	1773	Mycobacterium tuberculosis	ILLUMINA	Illumina HiSeq 2500	ftp.sra.ebi.ac.uk/vol1/fastq/ERR455/000/ERR4553990/ERR4553990_1.fastq.gz;ftp.sra.ebi.ac.uk/vol1/fastq/ERR455/000/ERR4553990/ERR4553990_2.fastq.gz	ITM2016-01387
PRJEB39569	SAMEA7280734	ERX4490361	ERR4553991	1773	Mycobacterium tuberculosis	ILLUMINA	Illumina HiSeq 2500	ftp.sra.ebi.ac.uk/vol1/fastq/ERR455/001/ERR4553991/ERR4553991_1.fastq.gz;ftp.sra.ebi.ac.uk/vol1/fastq/ERR455/001/ERR4553991/ERR4553991_2.fastq.gz	ITM2016-01390
PRJEB39569	SAMEA7280735	ERX4490362	ERR4553992	1773	Mycobacterium tuberculosis	ILLUMINA	Illumina HiSeq 2500	ftp.sra.ebi.ac.uk/vol1/fastq/ERR455/002/ERR4553992/ERR4553992_1.fastq.gz;ftp.sra.ebi.ac.uk/vol1/fastq/ERR455/002/ERR4553992/ERR4553992_2.fastq.gz	ITM2016-01391
PRJEB39569	SAMEA7280736	ERX4490363	ERR4553993	1773	Mycobacterium tuberculosis	ILLUMINA	Illumina HiSeq 2500	ftp.sra.ebi.ac.uk/vol1/fastq/ERR455/003/ERR4553993/ERR4553993_1.fastq.gz;ftp.sra.ebi.ac.uk/vol1/fastq/ERR455/003/ERR4553993/ERR4553993_2.fastq.gz	ITM2016-01394
PRJEB39569	SAMEA7280737	ERX4490364	ERR4553994	1773	Mycobacterium tuberculosis	ILLUMINA	Illumina HiSeq 2500	ftp.sra.ebi.ac.uk/vol1/fastq/ERR455/004/ERR4553994/ERR4553994_1.fastq.gz;ftp.sra.ebi.ac.uk/vol1/fastq/ERR455/004/ERR4553994/ERR4553994_2.fastq.gz	ITM2016-01396
PRJEB39569	SAMEA7280738	ERX4490365	ERR4553995	1773	Mycobacterium tuberculosis	ILLUMINA	Illumina HiSeq 2500	ftp.sra.ebi.ac.uk/vol1/fastq/ERR455/005/ERR4553995/ERR4553995_1.fastq.gz;ftp.sra.ebi.ac.uk/vol1/fastq/ERR455/005/ERR4553995/ERR4553995_2.fastq.gz	ITM2017-00523
PRJEB39569	SAMEA7280739	ERX4490366	ERR4553996	1773	Mycobacterium tuberculosis	ILLUMINA	Illumina HiSeq 2500	ftp.sra.ebi.ac.uk/vol1/fastq/ERR455/006/ERR4553996/ERR4553996_1.fastq.gz;ftp.sra.ebi.ac.uk/vol1/fastq/ERR455/006/ERR4553996/ERR4553996_2.fastq.gz	ITM2017-00540
